0.09965035 ((((((((8,7),6),5),10),((24,23),((12,11),13))),(((26,25),((34,(((28,27),33),30)),(((3,2),4),(31,32)))),29)),((((22,21),20),(19,18)),((9,1),(((16,17),14),15)))),35);
0.08341658 ((((((((31,32),((30,((28,27),33)),34)),((3,2),4)),(26,25)),29),(((((8,7),6),5),10),((24,23),((12,11),13)))),(((20,(21,22)),(19,18)),((9,1),(((16,17),14),15)))),35);
0.08066933 (((((((6,(8,7)),5),10),((24,23),((12,11),13))),(((20,(21,22)),(19,18)),((9,1),(((16,17),14),15)))),(((26,25),(((30,((28,27),33)),34),((31,32),((3,2),4)))),29)),35);
0.07842158 (((((((22,21),20),(19,18)),((9,1),(((16,17),14),15))),(((((8,7),6),5),10),((24,23),((12,11),13)))),(((26,25),(((3,2),4),((31,32),((30,((28,27),33)),34)))),29)),35);
0.06518482 ((((((26,25),(((30,((28,27),33)),34),((31,32),((3,2),4)))),29),((((21,22),20),(19,18)),((9,1),(((16,17),14),15)))),((((6,(8,7)),5),10),((24,23),((12,11),13)))),35);
0.04795205 (((((24,23),((12,11),13)),((((8,7),6),5),10)),(((((22,21),20),(19,18)),((9,1),(15,(14,(16,17))))),(((26,25),((((((28,27),33),30),34),(31,32)),((3,2),4))),29))),35);
0.03321678 (((((20,(22,21)),(19,18)),((9,1),(((16,17),14),15))),((((26,25),((34,((28,27),(30,33))),(((3,2),4),(31,32)))),29),(((((8,7),6),5),10),((24,23),((12,11),13))))),35);
0.03196803 ((((((24,23),((12,11),13)),((((8,7),6),5),10)),(((9,1),(15,(14,(16,17)))),((20,(22,21)),(19,18)))),(((26,25),((((3,2),4),(31,32)),(34,((33,30),(28,27))))),29)),35);
0.02872128 (((((26,25),(((3,2),4),((((30,33),(28,27)),34),(31,32)))),29),((((((8,7),6),5),10),((24,23),((12,11),13))),((((21,22),20),(19,18)),((9,1),(15,(14,(16,17))))))),35);
0.02822178 ((((((22,21),20),(19,18)),((9,1),(15,(14,(16,17))))),((((24,23),((12,11),13)),((((8,7),6),5),10)),(((26,25),(((((28,27),(33,30)),34),(31,32)),((3,2),4))),29))),35);
0.02172827 (((((((22,21),20),(19,18)),((9,1),(15,(14,(16,17))))),(((26,25),((((28,27),(33,30)),34),((31,32),((3,2),4)))),29)),(((24,23),((12,11),13)),((((8,7),6),5),10))),35);
0.02147852 ((((((26,25),(((30,(33,(28,27))),34),((31,32),((3,2),4)))),29),(((((8,7),6),5),10),((24,23),((12,11),13)))),((((21,20),22),(19,18)),((9,1),(((16,17),14),15)))),35);
0.01773227 (((((26,25),(((31,32),((30,((28,27),33)),34)),((3,2),4))),29),(((((6,(8,7)),5),10),((24,23),((12,11),13))),((((20,21),22),(19,18)),((9,1),(((16,17),14),15))))),35);
0.01748252 (((((9,1),(15,(14,(16,17)))),((((24,23),((12,11),13)),((5,(6,(8,7))),10)),(((26,25),((((3,2),4),(31,32)),((30,(33,(28,27))),34))),29))),(((21,22),20),(19,18))),35);
0.01748252 ((((((26,25),(((3,2),4),((31,32),(34,((28,27),(30,33)))))),29),(((9,1),(15,(14,(16,17)))),((20,(22,21)),(19,18)))),(((24,23),((12,11),13)),((5,(6,(8,7))),10))),35);
0.01548452 ((((((((8,7),6),5),10),((24,23),((12,11),13))),(((9,1),(((16,17),14),15)),((22,(21,20)),(19,18)))),(((26,25),(((30,((28,27),33)),34),(((3,2),4),(31,32)))),29)),35);
0.01323676 (((((22,(21,20)),(19,18)),((9,1),(15,(14,(16,17))))),((((((8,7),6),5),10),((24,23),((12,11),13))),(((26,25),(((3,2),4),(((((28,27),33),30),34),(31,32)))),29))),35);
0.01273726 ((((((9,1),(15,(14,(16,17)))),((22,(20,21)),(19,18))),(((26,25),((((33,(28,27)),30),34),((31,32),((3,2),4)))),29)),(((((8,7),6),5),10),((24,23),((12,11),13)))),35);
0.01098901 ((((20,(21,22)),(19,18)),(((((26,25),(((3,2),4),((31,32),(34,((33,(28,27)),30))))),29),(((5,((8,7),6)),10),((24,23),((12,11),13)))),((9,1),(15,(14,(16,17)))))),35);
0.01023976 ((((24,23),((12,11),13)),(((((20,(22,21)),(19,18)),((9,1),(15,(14,(16,17))))),(((26,25),(((((28,27),33),30),34),((31,32),((3,2),4)))),29)),((5,(6,(8,7))),10))),35);
0.008991009 (((((24,23),((12,11),13)),((5,(6,(8,7))),10)),((((9,1),(15,(14,(16,17)))),((22,(20,21)),(19,18))),(((26,25),(((((33,(28,27)),30),34),(31,32)),((3,2),4))),29))),35);
0.008741259 ((((((((22,21),20),(19,18)),((9,1),(((16,17),14),15))),(((26,25),(((3,2),4),((32,31),((((28,27),33),30),34)))),29)),((5,(6,(8,7))),10)),((24,23),((12,11),13))),35);
0.008241758 (((((((9,1),(((16,17),14),15)),((20,(21,22)),(19,18))),(((26,25),(((32,31),((3,2),4)),(34,(30,((28,27),33))))),29)),((24,23),((12,11),13))),((((8,7),6),5),10)),35);
0.007492507 ((((9,1),(15,(14,(16,17)))),(((((5,((8,7),6)),10),((24,23),((12,11),13))),(((26,25),((((33,(28,27)),30),34),((31,32),((3,2),4)))),29)),(((22,21),20),(19,18)))),35);
0.006743257 (((((((6,(8,7)),5),10),((24,23),((12,11),13))),(((9,1),(((16,17),14),15)),(((20,21),22),(19,18)))),(((26,25),(((((33,30),(28,27)),34),(32,31)),((3,2),4))),29)),35);
0.006493506 (((((26,25),((((30,33),(28,27)),34),(((3,2),4),(31,32)))),29),((((9,1),(((16,17),14),15)),((22,(20,21)),(19,18))),(((5,((8,7),6)),10),((24,23),((12,11),13))))),35);
0.006243756 (((((24,23),((12,11),13)),((((26,25),(((34,(((28,27),33),30)),(32,31)),((3,2),4))),29),((((22,21),20),(19,18)),((9,1),(((16,17),14),15))))),((((8,7),6),5),10)),35);
0.005994006 ((((((24,23),((12,11),13)),((5,(6,(8,7))),10)),(((26,25),((((3,2),4),(31,32)),(((33,30),(28,27)),34))),29)),(((9,1),(15,(14,(16,17)))),((22,(20,21)),(19,18)))),35);
0.005494505 ((((9,1),(15,(14,(16,17)))),(((20,(22,21)),(19,18)),((((((8,7),6),5),10),((24,23),((12,11),13))),(((26,25),(((((33,(28,27)),30),34),(31,32)),((3,2),4))),29)))),35);
0.005244755 ((((((26,25),(((3,2),4),((34,((30,33),(28,27))),(31,32)))),29),(((((8,7),6),5),10),((24,23),((12,11),13)))),(((9,1),(((16,17),14),15)),((22,(20,21)),(19,18)))),35);
0.004745255 (35,(((((6,(8,7)),5),10),((24,23),((12,11),13))),(((((21,20),22),(19,18)),((9,1),(((16,17),14),15))),(((26,25),((((33,30),(28,27)),34),(((3,2),4),(32,31)))),29))));
0.003746254 (((((((24,23),((12,11),13)),((5,(6,(8,7))),10)),(((26,25),(((((28,27),(30,33)),34),(32,31)),(4,(2,3)))),29)),((20,(22,21)),(19,18))),((9,1),(((16,17),14),15))),35);
0.003496503 (((((26,25),(((32,31),((3,2),4)),(30,(((28,27),33),34)))),29),((((9,1),(((16,17),14),15)),((20,(22,21)),(19,18))),(((24,23),((12,11),13)),((5,((8,7),6)),10)))),35);
0.003496503 ((((20,(21,22)),(19,18)),(((((26,25),((34,((33,30),(28,27))),((32,31),(4,(2,3))))),29),(((24,23),((12,11),13)),(((6,(8,7)),5),10))),((9,1),((14,(16,17)),15)))),35);
0.003496503 ((((((((22,21),20),(19,18)),((9,1),(((16,17),14),15))),(((26,25),((((3,2),4),(32,31)),(((28,27),(33,30)),34))),29)),((24,23),((12,11),13))),((5,(6,(8,7))),10)),35);
0.003246753 (35,((((20,(21,22)),(19,18)),((9,1),((14,(16,17)),15))),((((26,25),(((((28,27),33),34),30),((32,31),(4,(2,3))))),29),(((5,((8,7),6)),10),((24,23),((12,11),13))))));
0.003246753 ((((((26,25),(((34,((28,27),(33,30))),(32,31)),((3,2),4))),29),(((9,1),(((16,17),14),15)),((22,(20,21)),(19,18)))),(((24,23),((12,11),13)),(((6,(8,7)),5),10))),35);
0.003246753 ((((24,23),((12,11),13)),((((((22,21),20),(19,18)),((9,1),(15,(14,(16,17))))),(((26,25),(((31,32),((3,2),4)),(((28,27),(33,30)),34))),29)),((((8,7),6),5),10))),35);
0.002997003 ((((((20,(21,22)),(19,18)),((9,1),(((16,17),14),15))),((((6,(8,7)),5),10),((24,23),((12,11),13)))),(((26,25),((((33,(28,27)),(34,30)),(31,32)),((3,2),4))),29)),35);
0.002747253 (((((22,21),20),(19,18)),(((((26,25),(((3,2),4),((34,((28,27),(33,30))),(31,32)))),29),(((((8,7),6),5),10),((24,23),((12,11),13)))),((9,1),(((16,17),14),15)))),35);
0.002747253 (35,((((((22,21),20),(19,18)),((9,1),((14,(16,17)),15))),(((26,25),((4,(2,3)),((32,31),(((28,27),33),(34,30))))),29)),(((5,(6,(8,7))),10),((24,23),((12,11),13)))));
0.002747253 ((((24,23),((12,11),13)),(((((9,1),(((16,17),14),15)),((20,(22,21)),(19,18))),(((26,25),(((32,31),(34,((33,30),(28,27)))),((3,2),4))),29)),((((8,7),6),5),10))),35);
0.002497502 ((((((((8,7),6),5),10),((24,23),((12,11),13))),((((20,22),21),(19,18)),((9,1),((14,(16,17)),15)))),(((26,25),(((30,(33,(28,27))),34),((32,31),(4,(2,3))))),29)),35);
0.002497502 (((((((5,(6,(8,7))),10),((24,23),((12,11),13))),(((26,25),(((32,31),((3,2),4)),(34,(((28,27),33),30)))),29)),(((21,20),22),(19,18))),((9,1),(15,(14,(16,17))))),35);
0.002247752 (35,((((((6,(8,7)),5),10),((24,23),((12,11),13))),(((26,25),((((28,27),33),(34,30)),((4,(2,3)),(32,31)))),29)),(((9,1),((14,(16,17)),15)),((20,(21,22)),(19,18)))));
0.002247752 ((((9,1),(((16,17),14),15)),(((((26,25),(((32,31),((3,2),4)),(((28,27),(30,33)),34))),29),(((24,23),((12,11),13)),((5,((8,7),6)),10))),((20,(22,21)),(19,18)))),35);
0.002247752 ((((((8,7),6),5),10),(((24,23),((12,11),13)),((((9,1),(((16,17),14),15)),((20,(21,22)),(19,18))),(((26,25),(((32,31),(34,((28,27),(30,33)))),((3,2),4))),29)))),35);
0.002247752 ((((24,23),((12,11),13)),(((((9,1),(((16,17),14),15)),(((21,20),22),(19,18))),(((26,25),(((32,31),((3,2),4)),((30,(33,(28,27))),34))),29)),((5,(6,(8,7))),10))),35);
0.001998002 ((((((24,23),((12,11),13)),((5,(6,(8,7))),10)),(((26,25),(((34,((33,(28,27)),30)),((3,2),4)),(31,32))),29)),(((9,1),(15,(14,(16,17)))),((20,(21,22)),(19,18)))),35);
0.001998002 (((((20,(21,22)),(19,18)),((9,1),(((16,17),14),15))),((((((8,7),6),5),10),((24,23),((12,11),13))),(((26,25),((((33,(28,27)),(34,30)),(31,32)),((3,2),4))),29))),35);
0.001998002 (35,((((((8,7),6),5),10),((24,23),((12,11),13))),((((26,25),((34,(30,((28,27),33))),((32,31),(4,(2,3))))),29),((((20,22),21),(19,18)),((9,1),((14,(16,17)),15))))));
0.001998002 (((((((9,1),(((16,17),14),15)),((22,(20,21)),(19,18))),(((26,25),((((30,((28,27),33)),34),(32,31)),((3,2),4))),29)),((24,23),((12,11),13))),((5,(6,(8,7))),10)),35);
0.001998002 (35,(((24,23),((12,11),13)),((((((20,21),22),(19,18)),((9,1),(((16,17),14),15))),(((26,25),((4,(2,3)),((32,31),(34,(((28,27),33),30))))),29)),((5,(6,(8,7))),10))));
0.001998002 ((((((20,(21,22)),(19,18)),((9,1),(15,(14,(16,17))))),(((5,((8,7),6)),10),((24,23),((12,11),13)))),35),(((26,25),((((3,2),4),(32,31)),(34,(30,((28,27),33))))),29));
0.001748252 (35,((((20,(22,21)),(19,18)),((9,1),(((16,17),14),15))),((((24,23),((12,11),13)),((5,(6,(8,7))),10)),(((26,25),(((3,2),4),(((28,27),((33,30),34)),(32,31)))),29))));
0.001748252 (((((26,25),(((31,32),(34,(((28,27),33),30))),((3,2),4))),29),((((5,(6,(8,7))),10),((24,23),((12,11),13))),(((21,(20,22)),(19,18)),((9,1),(15,(14,(16,17))))))),35);
0.001748252 ((((((9,1),(((16,17),14),15)),(((22,21),20),(19,18))),(((24,23),((12,11),13)),(((6,(8,7)),5),10))),(((26,25),((((3,2),4),(32,31)),((34,30),(33,(28,27))))),29)),35);
0.001748252 ((((5,((8,7),6)),10),(((24,23),((12,11),13)),((((9,1),(((16,17),14),15)),((22,(20,21)),(19,18))),(((26,25),(((32,31),((3,2),4)),((((28,27),33),30),34))),29)))),35);
0.001498501 (35,((((9,1),(((16,17),14),15)),((20,(22,21)),(19,18))),(((((6,(8,7)),5),10),((24,23),((12,11),13))),(((26,25),(((3,2),4),(((34,(33,(28,27))),30),(32,31)))),29))));
0.001498501 (((((((26,25),(((34,(30,(33,(28,27)))),(32,31)),(4,(2,3)))),29),(((24,23),((12,11),13)),(((6,(8,7)),5),10))),((22,(21,20)),(19,18))),((9,1),((14,(16,17)),15))),35);
0.001498501 (35,(((((9,1),((14,(16,17)),15)),((20,(21,22)),(19,18))),(((26,25),(((32,31),(4,(2,3))),((34,((28,27),33)),30))),29)),(((24,23),((12,11),13)),((5,((8,7),6)),10))));
0.001498501 (((((24,23),((12,11),13)),((((8,7),6),5),10)),(35,(((9,1),(15,(14,(16,17)))),(((22,21),20),(19,18))))),(((26,25),((((3,2),4),(31,32)),(34,(((28,27),33),30)))),29));
0.001498501 (((((((20,21),22),(19,18)),((9,1),(((16,17),14),15))),(((26,25),((30,(34,((28,27),33))),(((3,2),4),(32,31)))),29)),(((24,23),((12,11),13)),((5,(6,(8,7))),10))),35);
0.001248751 ((((((24,23),((12,11),13)),((6,((8,7),5)),10)),(((26,25),(((3,2),4),((31,32),(((33,(28,27)),30),34)))),29)),(((9,1),(15,(14,(16,17)))),(((22,21),20),(19,18)))),35);
0.001248751 (35,(((((5,((8,7),6)),10),((24,23),((12,11),13))),(((26,25),(((30,((28,27),33)),34),((32,31),(4,(2,3))))),29)),(((21,(22,20)),(19,18)),((9,1),((14,(16,17)),15)))));
0.001248751 (35,((((24,23),((12,11),13)),((5,((8,7),6)),10)),((((26,25),((32,31),((34,(30,((28,27),33))),(4,(2,3))))),29),(((20,(21,22)),(19,18)),((9,1),((14,(16,17)),15))))));
0.001248751 ((35,(29,(((4,(3,2)),((34,(30,(33,(28,27)))),(32,31))),(26,25)))),((((20,(22,21)),(18,19)),((1,9),(((16,17),14),15))),((10,((6,(7,8)),5)),((24,23),((12,11),13)))));
0.001248751 (35,((((((21,22),20),(19,18)),((9,1),(((16,17),14),15))),(((26,25),(((34,((28,27),(33,30))),(4,(2,3))),(32,31))),29)),(((24,23),((12,11),13)),((5,(6,(8,7))),10))));
0.001248751 (35,((((26,25),((((33,30),34),(28,27)),((4,(2,3)),(32,31)))),29),((((9,1),((14,(16,17)),15)),((20,(22,21)),(19,18))),((10,(5,(6,(8,7)))),(((12,11),13),(24,23))))));
0.000999001 (35,(((((24,23),((12,11),13)),(((5,6),(8,7)),10)),(((26,25),(((4,(2,3)),(32,31)),(34,(30,(33,(28,27)))))),29)),(((20,(22,21)),(19,18)),((9,1),((14,(16,17)),15)))));
0.000999001 (35,((29,(((4,(2,3)),((30,(34,((27,28),33))),(32,31))),(26,25))),(((((6,(8,7)),5),10),(((12,11),13),(24,23))),(((15,((16,17),14)),(9,1)),((18,19),((21,22),20))))));
0.000999001 ((((((1,9),(15,(14,(16,17)))),(((21,22),20),(18,19))),(((24,23),((12,11),13)),(10,(5,(6,(7,8)))))),35),(29,((((34,(30,((28,27),33))),(32,31)),(4,(3,2))),(26,25))));
0.000999001 ((((((20,(22,21)),(18,19)),((1,9),(15,(14,(16,17))))),35),(((24,23),((12,11),13)),(10,(5,(6,(7,8)))))),(29,(((((30,((28,27),33)),34),(32,31)),(4,(3,2))),(26,25))));
0.000999001 ((((((26,25),(((30,34),((28,27),33)),((32,31),((3,2),4)))),29),(((20,(22,21)),(19,18)),((9,1),(((16,17),14),15)))),(((24,23),((12,11),13)),((5,((8,7),6)),10))),35);
0.000999001 (((((((24,23),((12,11),13)),(10,(5,(6,(7,8))))),(29,((((30,(33,(28,27))),34),((4,(3,2)),(32,31))),(26,25)))),((1,9),(15,((16,17),14)))),(((20,21),22),(18,19))),35);
0.000999001 (((((9,1),((14,(16,17)),15)),((20,(21,22)),(19,18))),(35,(((24,23),((12,11),13)),(((6,(8,7)),5),10)))),(((26,25),(((30,(33,(28,27))),34),((32,31),(4,(2,3))))),29));
0.000999001 (35,((((22,21),20),(18,19)),(((29,((26,25),(((31,32),((2,3),4)),((34,((28,27),33)),30)))),((10,((6,(7,8)),5)),(((12,11),13),(24,23)))),((1,9),(((16,17),14),15)))));
0.000999001 ((((((26,25),(((4,(2,3)),(32,31)),((28,27),(34,(33,30))))),29),(((24,23),((12,11),13)),(((6,(8,7)),5),10))),(((20,(21,22)),(19,18)),((9,1),((14,(16,17)),15)))),35);
0.000999001 ((35,((((26,25),(((32,31),(4,(2,3))),(34,((33,30),(28,27))))),29),((((12,11),13),(24,23)),((5,((8,7),6)),10)))),((((22,21),20),(19,18)),((9,1),(((16,17),14),15))));
0.000999001 ((((12,11),13),((((((9,1),(((16,17),14),15)),((20,(22,21)),(19,18))),(((26,25),(((32,31),(34,(((28,27),33),30))),((3,2),4))),29)),((5,(6,(8,7))),10)),(24,23))),35);
0.000999001 (((24,23),(((12,11),13),(((29,(((((30,(33,(28,27))),34),(32,31)),(4,(3,2))),(26,25))),((((21,22),20),(18,19)),((1,9),(((16,17),14),15)))),(10,(5,((7,8),6)))))),35);
0.000999001 ((((((5,((8,7),6)),10),((24,23),((12,11),13))),((((21,22),20),(19,18)),((9,1),(15,(14,(16,17)))))),(((26,25),((((3,2),4),(31,32)),((30,33),((28,27),34)))),29)),35);
0.000999001 ((((22,(21,20)),(18,19)),(((1,9),(15,((16,17),14))),((29,(((34,((28,27),(33,30))),((32,31),(4,(3,2)))),(26,25))),((10,(5,((7,8),6))),((24,23),((12,11),13)))))),35);
0.000999001 ((((12,11),13),((24,23),(((((20,(22,21)),(18,19)),((1,9),((14,(16,17)),15))),(29,((((4,(3,2)),(32,31)),(((28,27),(33,30)),34)),(26,25)))),(10,((6,(7,8)),5))))),35);
0.0007492507 ((35,((((24,23),((12,11),13)),(10,(((7,8),6),5))),(29,((26,25),((4,(3,2)),((32,31),((30,(33,(28,27))),34))))))),(((20,(22,21)),(18,19)),((1,9),(15,(14,(16,17))))));
0.0007492507 ((((((((8,7),5),6),10),((24,23),((12,11),13))),(((26,25),(((31,32),((3,2),4)),(34,((33,(28,27)),30)))),29)),(((20,(21,22)),(19,18)),((9,1),(((16,17),14),15)))),35);
0.0007492507 (((((22,21),20),(18,19)),((1,9),(15,((16,17),14)))),(35,(((10,((6,(7,8)),5)),((24,23),((12,11),13))),(29,((26,25),((((2,3),4),(31,32)),(34,(30,((28,27),33)))))))));
0.0007492507 ((35,((29,((((32,31),(((33,30),(28,27)),34)),(4,(3,2))),(26,25))),((10,(((7,8),6),5)),((24,23),((12,11),13))))),((((21,22),20),(18,19)),((1,9),(15,(14,(16,17))))));
0.0007492507 (((((26,25),((32,31),((4,(2,3)),(34,(((28,27),33),30))))),29),((((9,1),((14,(16,17)),15)),(((22,21),20),(19,18))),(((24,23),((12,11),13)),((5,((8,7),6)),10)))),35);
0.0007492507 ((((((5,(6,(8,7))),10),((24,23),((12,11),13))),(29,(((32,31),((34,(30,(33,(27,28)))),((2,3),4))),(26,25)))),(((18,19),(22,(21,20))),((((16,17),14),15),(1,9)))),35);
0.0007492507 ((((((9,1),((14,(16,17)),15)),((20,(22,21)),(19,18))),((((12,11),13),(24,23)),(((5,(8,7)),6),10))),(((26,25),((4,(2,3)),((((33,(28,27)),30),34),(32,31)))),29)),35);
0.0007492507 ((((((4,(2,3)),((31,32),(34,(30,((27,28),33))))),(26,25)),29),((((18,19),(20,(22,21))),((((16,17),14),15),(9,1))),((((6,5),(8,7)),10),(((12,11),13),(24,23))))),35);
0.0007492507 (35,((((((22,20),21),(19,18)),((9,1),(((16,17),14),15))),(((26,25),((4,(2,3)),((((33,(28,27)),30),34),(32,31)))),29)),(((24,23),((12,11),13)),((5,((8,7),6)),10))));
0.0007492507 (((((20,(22,21)),(19,18)),((9,1),((14,(16,17)),15))),(((26,25),(((32,31),((30,((28,27),33)),34)),(4,(2,3)))),29)),(35,(((24,23),((12,11),13)),((5,(6,(8,7))),10))));
0.0007492507 (((((29,(((4,(2,3)),((31,32),(34,(30,((27,28),33))))),(26,25))),((((6,(8,7)),5),10),(((12,11),13),(24,23)))),((((16,17),14),15),(9,1))),((18,19),((20,21),22))),35);
0.0007492507 (35,(((((12,11),13),(24,23)),(10,(6,((7,8),5)))),((((1,9),((14,(16,17)),15)),(((21,22),20),(18,19))),(29,((26,25),(((((28,27),33),30),34),(((2,3),4),(31,32))))))));
0.0007492507 (35,((((21,(20,22)),(19,18)),((9,1),(((16,17),14),15))),(((((6,(8,7)),5),10),((24,23),((12,11),13))),(((26,25),((((28,27),(30,33)),34),(((3,2),4),(32,31)))),29))));
0.0007492507 (((((26,25),(((32,31),(4,(2,3))),((30,(33,(28,27))),34))),29),35),((((5,((8,7),6)),10),((24,23),((12,11),13))),(((9,1),((14,(16,17)),15)),((20,(21,22)),(19,18)))));
0.0007492507 ((((((22,21),20),(19,18)),((9,1),(15,((16,17),14)))),((((26,25),((34,(((28,27),33),30)),((4,(2,3)),(32,31)))),29),35)),(((24,23),((12,11),13)),((5,(6,(8,7))),10)));
0.0007492507 (35,((((10,(5,(6,(7,8)))),((24,23),((12,11),13))),(((1,9),(15,(14,(16,17)))),(((20,21),22),(18,19)))),(29,((((30,(34,((28,27),33))),(32,31)),(4,(3,2))),(26,25)))));
0.0007492507 (((1,9),(((16,17),14),15)),((((20,(21,22)),(18,19)),((((24,23),((12,11),13)),(10,(((7,8),6),5))),(29,((((30,(33,(28,27))),34),((32,31),(4,(3,2)))),(26,25))))),35));
0.0007492507 ((((10,(((7,8),6),5)),((24,23),((12,11),13))),((29,((26,25),((4,(3,2)),((32,31),((34,(33,30)),(28,27)))))),(((1,9),(15,(14,(16,17)))),(((22,21),20),(18,19))))),35);
0.0007492507 (((((26,25),(((3,2),4),(((30,33),((28,27),34)),(31,32)))),29),((((((8,7),6),5),10),((24,23),((12,11),13))),(((20,(22,21)),(19,18)),((9,1),(15,(14,(16,17))))))),35);
0.0007492507 (((((26,25),(((((30,33),34),(28,27)),(31,32)),((3,2),4))),29),((((24,23),((12,11),13)),((5,(6,(8,7))),10)),((((21,22),20),(19,18)),((9,1),(15,(14,(16,17))))))),35);
0.0007492507 ((((((22,21),20),(19,18)),((9,1),(((16,17),14),15))),(((24,23),((12,11),13)),((5,(6,(8,7))),10))),((((26,25),((4,(2,3)),((34,((33,30),(28,27))),(32,31)))),29),35));
0.0007492507 ((((12,11),13),((((29,(((((33,(28,27)),30),34),((4,(3,2)),(32,31))),(26,25))),(((20,(21,22)),(18,19)),((1,9),((14,(16,17)),15)))),(10,(5,(6,(7,8))))),(24,23))),35);
0.0007492507 (35,((((12,11),13),((((((22,21),20),(18,19)),((1,9),(15,(14,(16,17))))),(29,((((4,(3,2)),(32,31)),(34,(30,((28,27),33)))),(26,25)))),(10,(5,(6,(7,8)))))),(24,23)));
0.0007492507 ((((5,((8,7),6)),10),35),(((24,23),((12,11),13)),((((9,1),((14,(16,17)),15)),(((22,21),20),(19,18))),(((26,25),(((4,(2,3)),(32,31)),(34,(((28,27),33),30)))),29))));
0.0007492507 ((((1,9),(((16,17),14),15)),(((22,(21,20)),(18,19)),(((10,(((7,8),6),5)),((24,23),((12,11),13))),(29,((((4,(3,2)),(32,31)),(34,((28,27),(33,30)))),(26,25)))))),35);
0.0007492507 ((((((20,21),22),(18,19)),((1,9),(15,((16,17),14)))),((10,(((7,8),6),5)),((24,23),((12,11),13)))),(35,(29,((26,25),((((2,3),4),(32,31)),((30,(33,(28,27))),34))))));
0.0007492507 (35,((29,(((34,(30,((27,28),33))),((31,32),(4,(3,2)))),(26,25))),((((18,19),((20,21),22)),((15,(14,(16,17))),(9,1))),(((24,23),((12,11),13)),(((6,5),(8,7)),10)))));
0.0007492507 (((((24,23),((12,11),13)),(((((20,21),22),(19,18)),((9,1),(15,((16,17),14)))),(((26,25),(((4,(2,3)),(32,31)),(((30,33),(28,27)),34))),29))),((5,(6,(8,7))),10)),35);
0.0004995005 ((((((24,23),((12,11),13)),((5,((8,7),6)),10)),(((26,25),((4,(2,3)),((34,(30,(33,(28,27)))),(32,31)))),29)),(((9,1),((14,(16,17)),15)),(((20,22),21),(19,18)))),35);
0.0004995005 (((((((5,6),(8,7)),10),(((12,11),13),(24,23))),(((26,25),((4,(2,3)),((32,31),(34,(((28,27),33),30))))),29)),(((9,1),((14,(16,17)),15)),(((22,21),20),(19,18)))),35);
0.0004995005 (((((24,23),((12,11),13)),((5,(6,(8,7))),10)),(((26,25),((((33,(28,27)),30),34),((32,31),(4,(2,3))))),29)),(35,(((20,(21,22)),(19,18)),((9,1),(((16,17),14),15)))));
0.0004995005 ((((((12,11),13),(24,23)),((29,(((34,((33,(27,28)),30)),((31,32),(4,(2,3)))),(26,25))),((((8,7),6),5),10))),(((((16,17),14),15),(9,1)),((18,19),((22,21),20)))),35);
0.0004995005 (((((10,(5,(6,(8,7)))),((24,23),((12,11),13))),(((((32,31),(34,((30,33),(28,27)))),((3,2),4)),(26,25)),29)),(((9,1),((14,(16,17)),15)),((21,(22,20)),(18,19)))),35);
0.0004995005 ((((29,(((4,(3,2)),((32,31),((30,33),(34,(28,27))))),(26,25))),((10,(5,((7,8),6))),((24,23),((12,11),13)))),(((20,(21,22)),(18,19)),((1,9),(15,((16,17),14))))),35);
0.0004995005 (((((((8,7),6),5),10),(((24,23),((12,11),13)),(((20,(21,22)),(19,18)),((9,1),(((16,17),14),15))))),(((26,25),(((32,31),(34,((33,(28,27)),30))),(4,(2,3)))),29)),35);
0.0004995005 (((((26,25),(((3,2),4),((32,31),(34,((33,(28,27)),30))))),29),((((10,((6,(8,7)),5)),((24,23),((12,11),13))),((9,1),((14,(16,17)),15))),(((22,21),20),(18,19)))),35);
0.0004995005 ((((5,(6,(8,7))),10),((24,23),((12,11),13))),(((((20,(22,21)),(19,18)),((9,1),(15,((16,17),14)))),(((26,25),((4,(2,3)),(((30,((28,27),33)),34),(32,31)))),29)),35));
0.0004995005 ((((((8,7),(6,5)),10),(((12,11),13),(24,23))),((((18,19),((21,22),20)),((15,(14,(16,17))),(9,1))),(29,((((34,(30,(33,(27,28)))),(31,32)),(4,(3,2))),(26,25))))),35);
0.0004995005 ((((((5,(6,(8,7))),10),(((26,25),((((30,((28,27),33)),34),(32,31)),((3,2),4))),29)),(((9,1),(((16,17),14),15)),((20,(22,21)),(19,18)))),((24,23),((12,11),13))),35);
0.0004995005 (((((1,9),(15,(14,(16,17)))),(((22,21),20),(18,19))),(((10,(5,(6,(7,8)))),((24,23),((12,11),13))),35)),(29,(((((30,((28,27),33)),34),(32,31)),(4,(3,2))),(26,25))));
0.0004995005 ((((15,(14,(16,17))),(9,1)),((18,19),((22,21),20))),((((5,((8,7),6)),10),(((12,11),13),(24,23))),((29,(((4,(2,3)),(((30,(33,(27,28))),34),(32,31))),(26,25))),35)));
0.0004995005 ((((((26,25),(((32,31),((((28,27),33),30),34)),(4,(2,3)))),29),((10,(5,((8,7),6))),((24,23),((12,11),13)))),35),(((22,(20,21)),(19,18)),((9,1),((14,(16,17)),15))));
0.0004995005 (((1,9),(((16,17),14),15)),(35,(((20,(22,21)),(18,19)),((((24,23),((12,11),13)),(10,(((7,8),6),5))),(29,(((((30,(33,(28,27))),34),(32,31)),(4,(3,2))),(26,25)))))));
0.0004995005 (((((29,(((4,(3,2)),((32,31),((33,(28,27)),(30,34)))),(26,25))),((10,(((7,8),6),5)),((24,23),((12,11),13)))),((1,9),(15,((16,17),14)))),((20,(21,22)),(18,19))),35);
0.0004995005 (35,(((((8,7),(6,5)),10),((24,23),((12,11),13))),((((26,25),((34,(((28,27),33),30)),((4,(2,3)),(32,31)))),29),(((9,1),(15,((16,17),14))),(((22,21),20),(19,18))))));
0.0004995005 (((((6,(8,7)),5),10),(((12,11),13),(24,23))),(35,((((((4,(2,3)),(31,32)),((((27,28),33),30),34)),(26,25)),29),(((18,19),((22,21),20)),((((16,17),14),15),(9,1))))));
0.0004995005 (((29,((26,25),(((2,3),4),((31,32),((30,34),((28,27),33)))))),((((1,9),(((16,17),14),15)),((22,(20,21)),(18,19))),(((24,23),((12,11),13)),(10,((6,(7,8)),5))))),35);
0.0004995005 (35,(((((6,((8,7),5)),10),((24,23),((12,11),13))),(((9,1),((14,(16,17)),15)),((20,(22,21)),(19,18)))),(((26,25),(((32,31),(4,(2,3))),((30,((28,27),33)),34))),29)));
0.0004995005 (((29,((((30,((27,28),33)),34),(((2,3),4),(32,31))),(26,25))),((((18,19),((21,22),20)),((((16,17),14),15),(1,9))),35)),(((((8,7),6),5),10),((24,23),((12,11),13))));
0.0004995005 (((((24,23),((12,11),13)),((5,(6,(8,7))),10)),(35,(((26,25),((34,((33,(28,27)),30)),((4,(2,3)),(32,31)))),29))),((((21,22),20),(19,18)),((9,1),(((16,17),14),15))));
0.0004995005 (((((12,11),13),(24,23)),((((5,((8,7),6)),10),((((34,((33,(27,28)),30)),((4,(2,3)),(31,32))),(26,25)),29)),(((18,19),(20,(21,22))),((((16,17),14),15),(9,1))))),35);
0.0004995005 ((((10,((6,(7,8)),5)),((24,23),((12,11),13))),((29,((((32,31),(((28,27),(33,30)),34)),(4,(3,2))),(26,25))),(((1,9),(((16,17),14),15)),(((22,20),21),(18,19))))),35);
0.0004995005 ((29,((((34,(30,(33,(27,28)))),(32,31)),(4,(2,3))),(26,25))),(((((5,(6,(8,7))),10),(((12,11),13),(24,23))),(((15,(14,(16,17))),(9,1)),((18,19),(22,(21,20))))),35));
0.0004995005 (((((29,((26,25),((32,31),((34,(30,((28,27),33))),(4,(3,2)))))),(((1,9),(15,(14,(16,17)))),((20,(22,21)),(18,19)))),((24,23),((12,11),13))),(10,(((7,8),6),5))),35);
0.0004995005 (((((((26,25),(((30,34),(33,(28,27))),((31,32),((3,2),4)))),29),(((5,((8,7),6)),10),((24,23),((12,11),13)))),((9,1),(((16,17),14),15))),((20,(22,21)),(19,18))),35);
0.0004995005 ((((((24,23),((12,11),13)),(((6,(8,7)),5),10)),(((26,25),(((33,30),((28,27),34)),(((3,2),4),(32,31)))),29)),(((9,1),(((16,17),14),15)),(((21,22),20),(19,18)))),35);
0.0004995005 ((((20,(22,21)),(19,18)),(((((26,25),((((33,(28,27)),30),34),((32,31),(4,(2,3))))),29),((((6,(8,7)),5),10),(((12,11),13),(24,23)))),35)),((9,1),(((16,17),14),15)));
0.0004995005 (((35,(((22,21),20),(19,18))),((9,1),(((16,17),14),15))),(((((12,11),13),(24,23)),((5,((8,7),6)),10)),(((26,25),(((4,(2,3)),(32,31)),((30,((28,27),33)),34))),29)));
0.0004995005 (35,((((20,(22,21)),(18,19)),((1,9),(15,((16,17),14)))),(((10,((7,8),(6,5))),(((12,11),13),(24,23))),(29,((26,25),((((28,27),(33,30)),34),(((2,3),4),(31,32))))))));
0.0004995005 (35,((((29,((26,25),(((31,32),(34,((28,27),(30,33)))),((2,3),4)))),((10,((6,(7,8)),5)),(((12,11),13),(24,23)))),((1,9),(((16,17),14),15))),(((20,21),22),(18,19))));
0.0004995005 (35,(((5,(6,(8,7))),10),(((24,23),((12,11),13)),((((20,(22,21)),(19,18)),((9,1),(((16,17),14),15))),(((26,25),(((30,(((28,27),33),34)),(32,31)),(4,(2,3)))),29)))));
0.0004995005 (35,(((10,(((7,8),6),5)),(((12,11),13),(24,23))),((29,((26,25),(((2,3),4),((31,32),((33,30),(34,(28,27))))))),(((1,9),(((16,17),14),15)),((20,(22,21)),(18,19))))));
0.0004995005 (((((15,(14,(16,17))),(9,1)),((18,19),((21,20),22))),((29,((((32,31),((27,28),((33,30),34))),(4,(2,3))),(26,25))),(((((8,7),6),5),10),(((12,11),13),(24,23))))),35);
0.0004995005 ((((((1,9),(15,(14,(16,17)))),(((22,21),20),(18,19))),((10,(((7,8),6),5)),((24,23),((12,11),13)))),(29,((26,25),(((4,(3,2)),(34,((30,33),(28,27)))),(32,31))))),35);
0.0004995005 ((((10,(5,(6,(7,8)))),((24,23),((12,11),13))),(35,((((22,21),20),(18,19)),((1,9),(15,(14,(16,17))))))),(29,((((((28,27),(30,33)),34),(32,31)),(4,(3,2))),(26,25))));
0.0004995005 (((((29,((((4,(3,2)),(32,31)),((30,(33,(28,27))),34)),(26,25))),((((20,22),21),(18,19)),((1,9),(((16,17),14),15)))),(10,((6,(7,8)),5))),((24,23),((12,11),13))),35);
0.0004995005 (((((12,11),13),(24,23)),((10,(5,((7,8),6))),((29,(((4,(3,2)),((34,((33,30),(28,27))),(32,31))),(26,25))),(((1,9),((14,(16,17)),15)),((22,(20,21)),(18,19)))))),35);
0.0004995005 (((24,23),(((12,11),13),(((((8,7),6),5),10),((((9,1),(((16,17),14),15)),((20,(22,21)),(19,18))),(((26,25),(((32,31),(((30,33),(28,27)),34)),((3,2),4))),29))))),35);
0.0004995005 (35,((((((((22,21),20),(19,18)),((9,1),(((16,17),14),15))),(((26,25),((4,(2,3)),((32,31),(34,((28,27),(33,30)))))),29)),((((8,7),6),5),10)),(24,23)),((12,11),13)));
