0.02672328 (((25,(((8,((23,24),21)),(4,3)),(((15,17),16),2))),(10,(18,22))),(((5,6),((7,(19,20)),(9,(14,13)))),(1,(12,11))));
0.02572428 (1,((((10,(18,22)),(25,(((8,((23,24),21)),(4,3)),((16,(17,15)),2)))),((5,6),(((19,20),7),(9,(14,13))))),(12,11)));
0.02547453 (1,((12,11),(((10,(22,18)),(25,(((8,((23,24),21)),(4,3)),((16,(15,17)),2)))),((5,6),(9,((7,(19,20)),(14,13)))))));
0.01923077 ((((((8,((23,24),21)),(4,3)),(((17,15),16),2)),25),((10,18),22)),(((12,11),1),((5,6),((7,(19,20)),(9,(14,13))))));
0.01848152 (((((5,6),((9,(14,13)),((19,20),7))),((25,(((16,(17,15)),2),((8,((23,24),21)),(4,3)))),((18,10),22))),(12,11)),1);
0.01748252 (((12,11),(((5,6),(9,((7,(19,20)),(14,13)))),(((((8,((23,24),21)),(4,3)),((17,(15,16)),2)),25),(10,(22,18))))),1);
0.01698302 ((((5,6),(((14,13),((19,20),7)),9)),((12,11),1)),((10,(22,18)),(25,((((15,17),16),2),((8,((23,24),21)),(4,3))))));
0.01598402 (((((((8,((23,24),21)),(4,3)),((17,(16,15)),2)),25),(10,(18,22))),(((5,6),(9,((14,13),(7,(19,20))))),(12,11))),1);
0.01498501 (1,((((5,6),(9,(((19,20),7),(14,13)))),(12,11)),(((18,22),10),(25,((((17,15),16),2),((8,((23,24),21)),(4,3)))))));
0.01473526 (1,(((12,11),((5,6),((7,(19,20)),(9,(14,13))))),((10,(22,18)),((((16,(15,17)),2),((8,((23,24),21)),(4,3))),25))));
0.01423576 (1,((((5,6),(9,(((19,20),7),(14,13)))),(12,11)),((10,(18,22)),((25,((8,((23,24),21)),(4,3))),(((17,15),16),2)))));
0.01273726 (1,((12,11),(((5,6),(9,((7,(19,20)),(14,13)))),(((18,10),22),(((((15,16),17),2),((8,((23,24),21)),(4,3))),25)))));
0.01198801 (((1,(12,11)),((5,6),((7,(19,20)),(9,(14,13))))),((25,(((8,((23,24),21)),(4,3)),(((15,17),16),2))),((22,10),18)));
0.01198801 (((25,(((17,(15,16)),2),((8,((23,24),21)),(4,3)))),((22,18),10)),(((5,6),(((7,(19,20)),(14,13)),9)),((12,11),1)));
0.01148851 (1,((((5,6),(((7,(19,20)),(14,13)),9)),(((18,10),22),(((((17,15),16),2),((8,((23,24),21)),(4,3))),25))),(12,11)));
0.01148851 (((((((15,17),16),2),((8,((23,24),21)),(4,3))),25),(22,(10,18))),((1,(12,11)),((5,6),(9,((14,13),(7,(19,20)))))));
0.01098901 (1,((12,11),((((18,22),10),(((16,(17,15)),2),(((8,((23,24),21)),(4,3)),25))),((5,6),(((19,20),7),(9,(14,13)))))));
0.009490509 (((((5,6),((9,(14,13)),(7,(19,20)))),((((((16,15),17),2),((8,((23,24),21)),(4,3))),25),((22,18),10))),(12,11)),1);
0.009490509 (((((5,6),(((7,(19,20)),(14,13)),9)),(11,12)),(((25,((((23,24),21),8),(4,3))),(((16,15),17),2)),((22,18),10))),1);
0.009240759 ((((12,11),((5,6),(((7,(19,20)),(14,13)),9))),((22,(10,18)),(25,((((17,15),16),2),((8,((23,24),21)),(4,3)))))),1);
0.008741259 ((((25,(((17,(15,16)),2),((((23,24),21),8),(4,3)))),((18,10),22)),((11,12),((5,6),(((14,13),((19,20),7)),9)))),1);
0.008491508 (((((5,6),(((19,20),7),((14,13),9))),(12,11)),((25,(((16,(17,15)),2),((8,((23,24),21)),(4,3)))),(22,(10,18)))),1);
0.008241758 (((12,11),((((((8,((23,24),21)),(4,3)),(((15,17),16),2)),25),(18,(22,10))),((5,6),(((19,20),7),(9,(14,13)))))),1);
0.007992008 ((((12,11),1),((5,6),((7,(19,20)),(9,(14,13))))),((25,(((8,((23,24),21)),(4,3)),(((15,16),17),2))),(10,(22,18))));
0.007742258 (1,(((12,11),((5,6),(((14,13),9),(7,(19,20))))),((10,(22,18)),((25,((8,((23,24),21)),(4,3))),((16,(15,17)),2)))));
0.007242757 (1,((12,11),(((5,6),(9,((7,(19,20)),(14,13)))),((10,(22,18)),((25,((8,((23,24),21)),(4,3))),((16,(15,17)),2))))));
0.007242757 (((25,(((17,(16,15)),2),((8,((23,24),21)),(4,3)))),(22,(10,18))),(((5,6),(((14,13),9),((19,20),7))),((12,11),1)));
0.007242757 (((25,(((8,((23,24),21)),(4,3)),(((15,17),16),2))),(18,(22,10))),(((5,6),(9,((7,(19,20)),(14,13)))),((12,11),1)));
0.006993007 (1,(((18,(10,22)),(25,((((15,17),16),2),((8,((23,24),21)),(4,3))))),((12,11),((5,6),(((19,20),7),((14,13),9))))));
0.006743257 (((11,12),(((25,(((((23,24),21),8),(4,3)),(((16,17),15),2))),((18,22),10)),((5,6),(((7,(19,20)),(14,13)),9)))),1);
0.006743257 (((12,11),(((25,(((8,((23,24),21)),(4,3)),(((15,16),17),2))),((10,22),18)),((5,6),(((14,13),((19,20),7)),9)))),1);
0.006493506 (((((5,6),(((14,13),(7,(19,20))),9)),(((((8,((23,24),21)),(4,3)),((16,(17,15)),2)),25),(18,(22,10)))),(12,11)),1);
0.006243756 ((((((17,15),16),2),(((8,((23,24),21)),(4,3)),25)),(10,(22,18))),(((5,6),(((14,13),((19,20),7)),9)),((12,11),1)));
0.005744256 ((((((15,17),16),2),(((8,((23,24),21)),(4,3)),25)),(10,(22,18))),(((5,6),(((14,13),9),(7,(19,20)))),((12,11),1)));
0.005744256 ((((((((15,16),17),2),((8,((23,24),21)),(4,3))),25),((22,10),18)),(((5,6),(9,((7,(19,20)),(14,13)))),(12,11))),1);
0.005744256 ((((11,12),((5,6),(9,(((19,20),7),(14,13))))),(((18,10),22),(((17,(16,15)),2),(25,((((23,24),21),8),(4,3)))))),1);
0.005494505 ((((5,6),((7,((19,20),(14,13))),9)),(1,(12,11))),((25,(((8,((23,24),21)),(4,3)),(((15,17),16),2))),((18,22),10)));
0.005494505 ((((25,(((8,((23,24),21)),(4,3)),(((17,15),16),2))),((22,10),18)),(((5,6),(9,(((19,20),7),(14,13)))),(12,11))),1);
0.005494505 (((((5,6),((((19,20),7),(14,13)),9)),(12,11)),((10,(22,18)),(25,(((15,(17,16)),2),((8,((23,24),21)),(4,3)))))),1);
0.005244755 (((((((8,((23,24),21)),(4,3)),((16,(15,17)),2)),25),(10,(22,18))),((5,6),((7,(19,20)),((14,13),9)))),(1,(12,11)));
0.005244755 (((25,(((17,(16,15)),2),((((23,24),21),8),(4,3)))),((10,18),22)),(((11,12),1),((5,6),(9,((7,(19,20)),(14,13))))));
0.005244755 (1,(((11,12),((5,6),(9,((7,(19,20)),(14,13))))),(((25,((((23,24),21),8),(4,3))),(((17,15),16),2)),((18,10),22))));
0.004995005 (((11,12),(((5,6),(9,(((19,20),7),(14,13)))),(((((15,16),17),2),(25,((8,(21,(23,24))),(4,3)))),(22,(10,18))))),1);
0.004745255 ((((((8,((23,24),21)),(4,3)),25),(((15,17),16),2)),((18,10),22)),(((5,6),((9,(14,13)),(7,(19,20)))),((12,11),1)));
0.004745255 (1,((12,11),(((5,6),((9,(14,13)),((19,20),7))),(((10,18),22),((((17,(16,15)),2),((8,((23,24),21)),(4,3))),25)))));
0.004495504 (1,((12,11),(((5,6),(((14,13),9),(7,(19,20)))),((((16,(15,17)),2),(25,((8,((23,24),21)),(4,3)))),(18,(10,22))))));
0.004495504 (1,(((12,11),((5,6),((7,(19,20)),((14,13),9)))),((((16,(15,17)),2),(25,((8,((23,24),21)),(4,3)))),(18,(22,10)))));
0.004245754 (((((10,(18,22)),(((((16,17),15),2),((8,((23,24),21)),(4,3))),25)),((5,6),((9,(14,13)),((19,20),7)))),(12,11)),1);
0.004245754 ((((18,10),22),((((8,((23,24),21)),(4,3)),25),((16,(17,15)),2))),(((5,6),((((19,20),7),(14,13)),9)),(1,(12,11))));
0.004245754 ((((11,12),1),((5,6),(9,(7,((19,20),(14,13)))))),((25,(((17,(16,15)),2),((((23,24),21),8),(4,3)))),((22,18),10)));
0.003996004 ((((((((8,((23,24),21)),(4,3)),((17,(15,16)),2)),25),(18,(10,22))),((5,6),(((14,13),9),((19,20),7)))),(12,11)),1);
0.003996004 (1,(((12,11),((5,6),(((19,20),7),(9,(14,13))))),((22,(18,10)),((25,((8,((23,24),21)),(4,3))),((16,(17,15)),2)))));
0.003996004 ((((((17,(15,16)),2),((8,((23,24),21)),(4,3))),25),(18,(22,10))),((1,(12,11)),((5,6),(9,(((19,20),7),(14,13))))));
0.003746254 (1,(((22,(18,10)),((((17,(15,16)),2),((8,((23,24),21)),(4,3))),25)),(((5,6),((7,(19,20)),(9,(14,13)))),(12,11))));
0.003746254 (1,((11,12),((((18,22),10),(((17,(15,16)),2),(25,((8,(21,(23,24))),(4,3))))),((5,6),(9,(((19,20),7),(14,13)))))));
0.003496503 (((25,(((8,((23,24),21)),(4,3)),(((15,17),16),2))),(10,(22,18))),(1,(((5,6),((7,(19,20)),(9,(14,13)))),(12,11))));
0.003496503 (1,((((22,18),10),((((17,(16,15)),2),((8,((23,24),21)),(4,3))),25)),((12,11),((5,6),(((14,13),9),((19,20),7))))));
0.003496503 ((((((15,17),16),2),((8,((23,24),21)),(4,3))),(((22,18),10),(((12,11),1),((5,6),(((19,20),7),(9,(14,13))))))),25);
0.003496503 (1,((((5,6),(((14,13),((19,20),7)),9)),((22,(18,10)),((25,((8,((23,24),21)),(4,3))),(((15,17),16),2)))),(12,11)));
0.003496503 (1,(((((17,(16,15)),2),(((((23,24),21),8),(4,3)),25)),((18,22),10)),(((5,6),(((14,13),9),((19,20),7))),(11,12))));
0.003496503 (((11,12),(((5,6),((((19,20),9),7),(14,13))),(((22,18),10),((((8,(21,(23,24))),(4,3)),((17,(15,16)),2)),25)))),1);
0.003496503 (1,(((12,11),((5,6),(((14,13),(7,(19,20))),9))),((((((16,17),15),2),((8,((23,24),21)),(4,3))),25),((18,10),22))));
0.003496503 (1,(((10,(22,18)),((25,((8,(21,(23,24))),(4,3))),(((17,16),15),2))),(((5,6),(((7,(19,20)),(14,13)),9)),(11,12))));
0.003246753 ((1,(12,11)),(((25,(((8,((23,24),21)),(4,3)),(((15,17),16),2))),(10,(22,18))),((5,6),(((7,(19,20)),(14,13)),9))));
0.003246753 (((1,(11,12)),((5,6),((7,(19,20)),(9,(14,13))))),((10,(18,22)),((((((23,24),21),8),(4,3)),25),((17,(15,16)),2))));
0.003246753 (((25,(((8,((23,24),21)),(4,3)),((15,(17,16)),2))),((18,22),10)),(((5,6),(((7,(19,20)),(14,13)),9)),(1,(12,11))));
0.003246753 (((((5,6),(9,(7,((14,13),(19,20))))),(12,11)),((10,(22,18)),((((16,(17,15)),2),((8,((23,24),21)),(4,3))),25))),1);
0.003246753 (((22,(10,18)),(25,(((16,(15,17)),2),((8,((23,24),21)),(4,3))))),(((5,6),(9,(7,((14,13),(19,20))))),(1,(12,11))));
0.002997003 (((12,11),(((((((16,17),15),2),((8,((23,24),21)),(4,3))),25),(18,(10,22))),((5,6),((7,(19,20)),((14,13),9))))),1);
0.002997003 (((1,(11,12)),((5,6),(((7,(19,20)),(14,13)),9))),((10,(22,18)),((25,((8,(21,(23,24))),(4,3))),((17,(15,16)),2))));
0.002997003 (((22,(10,18)),((25,((8,(21,(23,24))),(4,3))),((17,(15,16)),2))),((1,(11,12)),((5,6),(9,((14,13),(7,(19,20)))))));
0.002747253 (((12,11),(((5,6),(((19,20),7),((14,13),9))),((22,(18,10)),((((17,15),16),2),(25,((8,((23,24),21)),(4,3))))))),1);
0.002747253 (1,((12,11),((((((16,15),17),2),(((8,((23,24),21)),(4,3)),25)),(10,(22,18))),((5,6),((7,(19,20)),((14,13),9))))));
0.002747253 (1,(((((((15,(17,16)),2),((((23,24),21),8),(4,3))),25),((18,10),22)),((5,6),(((14,13),9),(7,(19,20))))),(11,12)));
0.002747253 ((((5,6),((14,13),(((19,20),9),7))),((12,11),1)),(((18,22),10),(25,((((17,15),16),2),((8,((23,24),21)),(4,3))))));
0.002747253 (((((5,6),(((14,13),(7,(19,20))),9)),((18,(22,10)),((((17,15),16),2),(25,((8,((23,24),21)),(4,3)))))),(12,11)),1);
0.002747253 (1,(((11,12),((5,6),(9,((7,(19,20)),(14,13))))),(((18,10),22),((((8,(21,(23,24))),(4,3)),25),(((16,17),15),2)))));
0.002747253 ((((11,12),((5,6),(9,((14,13),(7,(19,20)))))),(((22,10),18),((((15,16),17),2),(((((23,24),21),8),(4,3)),25)))),1);
0.002497502 ((1,(((5,6),(9,((14,13),((19,20),7)))),((10,(18,22)),((((8,((23,24),21)),(4,3)),((16,(17,15)),2)),25)))),(12,11));
0.002497502 ((((((15,17),16),2),(((8,((23,24),21)),(4,3)),25)),((22,10),18)),(((12,11),1),((5,6),((9,(14,13)),((19,20),7)))));
0.002497502 ((1,((12,11),((5,6),(((14,13),9),((19,20),7))))),((25,(((8,((23,24),21)),(4,3)),(((17,15),16),2))),(22,(18,10))));
0.002497502 (((((((((17,15),16),2),((8,((23,24),21)),(4,3))),25),(10,(18,22))),((5,6),((((19,20),(14,13)),7),9))),(12,11)),1);
0.002497502 (1,((11,12),(((5,6),((7,((14,13),(19,20))),9)),(((((((23,24),21),8),(4,3)),(((15,16),17),2)),25),(10,(18,22))))));
0.002497502 (1,(((18,(10,22)),((25,((8,((23,24),21)),(4,3))),((16,(17,15)),2))),(((5,6),(((14,13),((19,20),7)),9)),(12,11))));
0.002497502 (((11,12),(((5,6),((((19,20),(14,13)),7),9)),((((((15,16),17),2),((((23,24),21),8),(4,3))),25),(18,(10,22))))),1);
0.002247752 (1,((12,11),((((((8,((23,24),21)),(4,3)),(((17,15),16),2)),25),(10,(22,18))),((5,6),((7,(9,(19,20))),(14,13))))));
0.002247752 (((11,12),1),(((5,6),(((7,(19,20)),(14,13)),9)),(((((17,(16,15)),2),((((23,24),21),8),(4,3))),25),((10,18),22))));
0.002247752 ((((12,11),((5,6),((9,(14,13)),(7,(19,20))))),((25,((((15,16),17),2),((8,((23,24),21)),(4,3)))),((10,22),18))),1);
0.002247752 (1,((12,11),(((5,6),(9,(7,((19,20),(14,13))))),(((18,10),22),(((((15,17),16),2),((8,((23,24),21)),(4,3))),25)))));
0.002247752 (((11,12),(((5,6),((((19,20),7),(14,13)),9)),((25,(((((23,24),21),8),(4,3)),(((16,17),15),2))),(22,(18,10))))),1);
0.002247752 (1,((12,11),(((5,6),((14,13),(7,((19,20),9)))),((22,(10,18)),(((((15,17),16),2),((8,((23,24),21)),(4,3))),25)))));
0.002247752 ((((5,6),(((14,13),((19,20),7)),9)),(1,(12,11))),(((((15,17),16),2),(25,((8,((23,24),21)),(4,3)))),(18,(10,22))));
0.002247752 ((((11,12),((5,6),((9,(14,13)),((19,20),7)))),(((10,18),22),((((((23,24),21),8),(4,3)),25),(((16,15),17),2)))),1);
0.002247752 ((((((16,(15,17)),2),(25,((8,(21,(23,24))),(4,3)))),((22,18),10)),((11,12),((5,6),(9,(7,((14,13),(19,20))))))),1);
0.002247752 (1,(((((25,((((23,24),21),8),(4,3))),((17,(15,16)),2)),((10,22),18)),((5,6),(9,((7,(19,20)),(14,13))))),(11,12)));
0.001998002 (((12,11),1),((((10,18),22),((((8,((23,24),21)),(4,3)),(((17,15),16),2)),25)),((5,6),(((19,20),7),(9,(14,13))))));
0.001998002 ((((18,22),10),((((8,(21,(23,24))),(4,3)),((15,(16,17)),2)),25)),(((5,6),(((14,13),9),((19,20),7))),((11,12),1)));
0.001998002 (((1,(12,11)),((5,6),(((19,20),7),((14,13),9)))),(((((8,((23,24),21)),(4,3)),(((15,16),17),2)),25),((22,10),18)));
0.001998002 (((1,(11,12)),((5,6),(((14,13),((19,20),7)),9))),(((10,18),22),(25,(((8,(21,(23,24))),(4,3)),(((17,16),15),2)))));
0.001998002 (((((5,6),(9,((14,13),(7,(19,20))))),(11,12)),1),((25,(((((23,24),21),8),(4,3)),(((16,15),17),2))),((18,10),22)));
0.001998002 (((((5,6),(9,((14,13),((19,20),7)))),(11,12)),1),(((((15,16),17),2),(((((23,24),21),8),(4,3)),25)),((22,18),10)));
0.001998002 (((((5,6),(9,(((19,20),(14,13)),7))),(11,12)),((10,(22,18)),(25,((((16,15),17),2),((((23,24),21),8),(4,3)))))),1);
0.001998002 (25,((((1,(11,12)),((5,6),(9,(((19,20),7),(14,13))))),(22,(10,18))),((((15,16),17),2),((8,(21,(23,24))),(4,3)))));
0.001748252 (1,((12,11),(((5,6),((7,((14,13),9)),(19,20))),(((18,22),10),(25,(((8,((23,24),21)),(4,3)),(((15,17),16),2)))))));
0.001748252 (((11,12),1),((((18,22),10),((((17,(15,16)),2),((((23,24),21),8),(4,3))),25)),((5,6),(9,((7,(19,20)),(14,13))))));
0.001748252 ((1,(((5,6),(((19,20),7),((14,13),9))),(((18,10),22),(25,((((17,15),16),2),((8,((23,24),21)),(4,3))))))),(12,11));
0.001748252 (((((5,6),(7,((14,13),((19,20),9)))),(((18,22),10),(25,((((17,15),16),2),((((23,24),21),8),(4,3)))))),(11,12)),1);
0.001748252 (((1,(12,11)),((5,6),((7,((14,13),9)),(19,20)))),((25,(((16,(15,17)),2),((8,((23,24),21)),(4,3)))),(22,(10,18))));
0.001748252 ((((25,(((8,((23,24),21)),(4,3)),((15,(17,16)),2))),(22,(10,18))),(((5,6),((9,(14,13)),((19,20),7))),(12,11))),1);
0.001748252 (((((5,6),((7,(19,20)),((14,13),9))),(11,12)),(((25,((((23,24),21),8),(4,3))),(((16,17),15),2)),((22,18),10))),1);
0.001748252 (((11,12),((((25,((((23,24),21),8),(4,3))),((15,(17,16)),2)),(10,(22,18))),((5,6),(((14,13),(7,(19,20))),9)))),1);
0.001748252 (((((25,((((17,16),15),2),((8,(21,(23,24))),(4,3)))),(18,(22,10))),((5,6),(9,(((19,20),7),(14,13))))),(11,12)),1);
0.001748252 ((((18,22),10),(25,(((8,(21,(23,24))),(4,3)),((17,(15,16)),2)))),(1,((11,12),((5,6),(((14,13),((19,20),7)),9)))));
0.001748252 ((((22,(10,18)),(((5,6),((9,(14,13)),(7,(19,20)))),((12,11),1))),(((8,((23,24),21)),(4,3)),(((17,15),16),2))),25);
0.001748252 ((((5,6),((((14,13),(19,20)),7),9)),(1,(12,11))),((18,(10,22)),(25,(((16,(15,17)),2),((8,((23,24),21)),(4,3))))));
0.001748252 (1,(((11,12),((5,6),(9,(7,((19,20),(14,13)))))),(((18,10),22),((((16,(15,17)),2),((8,(21,(23,24))),(4,3))),25))));
0.001748252 (((11,12),(((5,6),(9,(7,((19,20),(14,13))))),(((((17,(16,15)),2),((8,(21,(23,24))),(4,3))),25),(22,(10,18))))),1);
0.001748252 (1,(((((22,18),10),((((15,16),17),2),(25,((8,(21,(23,24))),(4,3))))),((5,6),(9,(7,((19,20),(14,13)))))),(11,12)));
0.001748252 (25,((((8,((23,24),21)),(4,3)),(((15,16),17),2)),(((18,22),10),(((5,6),(((14,13),((19,20),7)),9)),(1,(12,11))))));
0.001748252 ((((11,12),((5,6),(9,(((19,20),7),(14,13))))),(((22,10),18),((25,((((23,24),21),8),(4,3))),(((16,17),15),2)))),1);
0.001498501 ((((((22,18),10),(25,(((8,((23,24),21)),(4,3)),((16,(17,15)),2)))),((5,6),(((19,20),7),((14,13),9)))),1),(12,11));
0.001498501 (((12,11),1),((((((15,17),16),2),(((8,((23,24),21)),(4,3)),25)),(10,(22,18))),((5,6),((7,(19,20)),(9,(14,13))))));
0.001498501 (1,((((10,(22,18)),(25,(((16,(15,17)),2),((8,((23,24),21)),(4,3))))),((5,6),(7,(((14,13),9),(19,20))))),(12,11)));
0.001498501 ((1,(12,11)),(((5,6),(9,((14,13),((19,20),7)))),(((((8,((23,24),21)),(4,3)),((16,(17,15)),2)),25),(22,(18,10)))));
0.001498501 ((((((8,((23,24),21)),(4,3)),(((15,17),16),2)),25),((22,18),10)),(((5,6),((19,20),(7,(9,(14,13))))),(1,(12,11))));
0.001498501 (((1,(12,11)),((5,6),(((19,20),((14,13),9)),7))),(((((8,((23,24),21)),(4,3)),((16,(15,17)),2)),25),((22,18),10)));
0.001498501 (((5,6),((9,(14,13)),(7,(19,20)))),((((((8,((23,24),21)),(4,3)),((16,(15,17)),2)),25),((22,10),18)),((12,11),1)));
0.001498501 (((10,(18,22)),((25,((8,((23,24),21)),(4,3))),((16,(17,15)),2))),((((5,6),((7,(19,20)),(9,(14,13)))),(12,11)),1));
0.001498501 (1,((((10,(18,22)),((((16,17),15),2),(((8,((24,23),21)),(4,3)),25))),((5,6),(((14,13),9),((19,20),7)))),(11,12)));
0.001498501 ((((((15,(17,16)),2),((8,((23,24),21)),(4,3))),25),((18,10),22)),((1,(12,11)),((5,6),((7,(19,20)),((14,13),9)))));
0.001498501 ((((10,18),22),((((16,(15,17)),2),((8,((23,24),21)),(4,3))),25)),((1,(12,11)),((5,6),(7,((19,20),((14,13),9))))));
0.001498501 ((((((15,17),16),2),(25,((8,((23,24),21)),(4,3)))),((18,10),22)),((((5,6),((7,(19,20)),(9,(14,13)))),(12,11)),1));
0.001498501 (((((5,6),(((9,(19,20)),7),(14,13))),((18,(22,10)),(25,(((16,(17,15)),2),((8,((23,24),21)),(4,3)))))),(12,11)),1);
0.001498501 ((((25,((8,((23,24),21)),(4,3))),((16,(15,17)),2)),(10,(22,18))),(((5,6),((((19,20),(14,13)),7),9)),(1,(12,11))));
0.001498501 (((25,(((16,(15,17)),2),((8,((23,24),21)),(4,3)))),((18,10),22)),(((5,6),(7,((14,13),(9,(19,20))))),(1,(12,11))));
0.001498501 ((((((12,11),1),((5,6),((7,(19,20)),(9,(14,13))))),(18,(22,10))),((((15,17),16),2),((8,((23,24),21)),(4,3)))),25);
0.001498501 (((1,(11,12)),((5,6),(9,((14,13),(7,(19,20)))))),((((((23,24),(21,8)),(4,3)),(((15,16),17),2)),25),(10,(18,22))));
0.001498501 ((((11,12),((5,6),((14,13),(7,((19,20),9))))),((25,((((15,16),17),2),((((23,24),21),8),(4,3)))),((22,18),10))),1);
0.001498501 (((((5,6),((((19,20),(14,13)),7),9)),(11,12)),((((((15,16),17),2),((((23,24),21),8),(4,3))),25),((10,18),22))),1);
0.001248751 (((11,12),1),(((5,6),((9,(14,13)),((19,20),7))),((((((16,15),17),2),((8,(21,(23,24))),(4,3))),25),((22,18),10))));
0.001248751 (1,(((((((17,15),16),2),((8,((23,24),21)),(4,3))),((10,(18,22)),25)),((5,6),(((19,20),7),((14,13),9)))),(12,11)));
0.001248751 ((((5,6),(9,((7,(19,20)),(14,13)))),((25,((((17,15),16),2),((8,(21,(23,24))),(4,3)))),(18,(22,10)))),((11,12),1));
0.001248751 (((((12,11),1),((5,6),(((19,20),7),(9,(14,13))))),((22,18),10)),((((8,((23,24),21)),(4,3)),(((17,15),16),2)),25));
0.001248751 ((((5,6),(9,(((19,20),7),(14,13)))),((((22,18),10),(25,(((8,((23,24),21)),(4,3)),((16,(15,17)),2)))),(12,11))),1);
0.001248751 (((((5,6),(7,((19,20),(9,(14,13))))),(12,11)),((10,(18,22)),(25,(((16,(17,15)),2),((8,((23,24),21)),(4,3)))))),1);
0.001248751 (((((5,6),((9,(14,13)),((19,20),7))),(12,11)),((10,(18,22)),(((((16,17),15),2),((8,((23,24),21)),(4,3))),25))),1);
0.001248751 (((12,11),(((5,6),(((14,13),((19,20),7)),9)),((((8,((23,24),21)),(4,3)),((16,(17,15)),2)),(((22,18),10),25)))),1);
0.001248751 (((((10,(18,22)),(((((23,24),(21,8)),(4,3)),((16,(17,15)),2)),25)),((5,6),(((14,13),(7,(19,20))),9))),(11,12)),1);
0.001248751 (((((((17,15),16),2),((8,((24,23),21)),(4,3))),25),((10,18),22)),(1,((11,12),((5,6),(((14,13),((19,20),7)),9)))));
0.001248751 (1,((((5,6),(((14,13),7),((19,20),9))),(12,11)),(((18,22),10),(25,((((17,15),16),2),((8,((23,24),21)),(4,3)))))));
0.001248751 (((18,(10,22)),(25,(((8,((24,23),21)),(4,3)),(((15,17),16),2)))),(1,((11,12),((5,6),(((7,(19,20)),(14,13)),9)))));
0.001248751 (((((5,6),((((19,20),(14,13)),7),9)),(((10,22),18),(25,(((((23,24),21),8),(4,3)),(((15,17),16),2))))),(11,12)),1);
0.001248751 (((11,12),(((25,((((16,17),15),2),((((23,24),21),8),(4,3)))),((18,22),10)),((5,6),(9,(7,((14,13),(19,20))))))),1);
0.001248751 (25,(((((15,17),16),2),((((23,24),21),8),(4,3))),((((11,12),1),((5,6),(((14,13),((19,20),7)),9))),(10,(22,18)))));
0.001248751 (1,(((11,12),((5,6),(((19,20),7),(9,(14,13))))),(((((16,17),15),2),(((8,(21,(23,24))),(4,3)),25)),(22,(18,10)))));
0.001248751 (1,((((5,6),((((19,20),7),(14,13)),9)),((((15,(16,17)),2),(((8,(21,(23,24))),(4,3)),25)),(18,(22,10)))),(11,12)));
0.001248751 (25,((((8,((23,24),21)),(4,3)),(((17,15),16),2)),((((12,11),1),((5,6),(9,((14,13),((19,20),7))))),((10,18),22))));
0.001248751 (1,(((((22,18),10),((((15,16),17),2),(25,((8,((23,24),21)),(4,3))))),((5,6),(((14,13),((19,20),9)),7))),(12,11)));
0.001248751 (((11,12),(((10,(22,18)),(((17,(16,15)),2),(25,((((23,24),21),8),(4,3))))),((5,6),((14,13),(7,(9,(19,20))))))),1);
0.001248751 (((22,(10,18)),(25,(((17,(15,16)),2),((((23,24),21),8),(4,3))))),(((11,12),1),((5,6),((14,13),(7,(9,(19,20)))))));
0.001248751 ((((12,11),((5,6),((7,((14,13),(19,20))),9))),(((10,18),22),((((15,17),16),2),(((8,((23,24),21)),(4,3)),25)))),1);
0.001248751 (1,(((18,(10,22)),(((((15,16),17),2),((((23,24),21),8),(4,3))),25)),((11,12),((5,6),((7,((19,20),(14,13))),9)))));
0.001248751 (((((22,18),10),((25,((8,((23,24),21)),(4,3))),((17,(16,15)),2))),((12,11),((5,6),((((19,20),9),7),(14,13))))),1);
0.000999001 ((((5,6),((7,(9,(19,20))),(14,13))),(((((8,((23,24),21)),(4,3)),(((15,17),16),2)),25),(10,(18,22)))),(1,(12,11)));
0.000999001 (((((((17,15),16),2),((8,((23,24),21)),(4,3))),25),(((5,6),(((14,13),9),(7,(19,20)))),(1,(12,11)))),((18,22),10));
0.000999001 ((((5,6),(((14,13),9),(7,(19,20)))),((12,11),1)),((10,(22,18)),(25,(((16,(17,15)),2),(((23,24),(8,21)),(4,3))))));
0.000999001 (((25,(10,(22,18))),(((16,(17,15)),2),((8,((23,24),21)),(4,3)))),(((12,11),1),((5,6),((7,(19,20)),((14,13),9)))));
0.000999001 (((((16,(17,15)),2),(((8,((23,24),21)),(4,3)),25)),(10,(22,18))),(((5,6),((7,((14,13),9)),(19,20))),(1,(12,11))));
0.000999001 (((((((23,24),(8,21)),(4,3)),25),((16,(17,15)),2)),((22,18),10)),(((5,6),((9,(14,13)),((19,20),7))),((12,11),1)));
0.000999001 (((((5,6),(((14,13),9),((19,20),7))),(12,11)),1),((18,(10,22)),((((16,(17,15)),2),((8,((23,24),21)),(4,3))),25)));
0.000999001 (((12,11),(((5,6),(((19,20),7),((14,13),9))),((25,((10,18),22)),((((15,17),16),2),((8,((23,24),21)),(4,3)))))),1);
0.000999001 ((1,(((5,6),((9,(14,13)),(7,(19,20)))),(11,12))),(((((8,((24,23),21)),(4,3)),(((16,15),17),2)),25),(10,(18,22))));
0.000999001 ((((12,11),((5,6),(((14,13),((19,20),7)),9))),1),(((22,18),10),(25,(((8,((23,24),21)),(4,3)),(((17,15),16),2)))));
0.000999001 ((25,(((8,(21,(23,24))),(4,3)),(((15,16),17),2))),((((5,6),((7,(19,20)),(9,(14,13)))),((11,12),1)),((18,22),10)));
0.000999001 (((((12,11),1),((5,6),(((14,13),9),((19,20),7)))),(25,((((15,17),16),2),((8,((23,24),21)),(4,3))))),((10,18),22));
0.000999001 ((((22,18),10),(((((17,15),16),2),((8,((23,24),21)),(4,3))),25)),(((12,11),1),((5,6),(((14,13),((19,20),9)),7))));
0.000999001 (((((((15,17),16),2),(((23,24),(8,21)),(4,3))),25),(22,(18,10))),(((5,6),(((14,13),9),(7,(19,20)))),((12,11),1)));
0.000999001 ((((25,((((15,16),17),2),((((23,24),21),8),(4,3)))),((10,22),18)),((5,6),(9,(((19,20),7),(14,13))))),((11,12),1));
0.000999001 (((12,11),((((((8,((23,24),21)),(4,3)),25),(((15,16),17),2)),((10,18),22)),((5,6),((9,(14,13)),(7,(19,20)))))),1);
0.000999001 (((((22,10),18),(25,(((8,((23,24),21)),(4,3)),(((17,16),15),2)))),(((5,6),((7,(19,20)),(9,(14,13)))),(12,11))),1);
0.000999001 ((((22,18),10),(((16,(15,17)),2),(((8,(21,(23,24))),(4,3)),25))),(1,(((5,6),(9,((14,13),((19,20),7)))),(11,12))));
0.000999001 ((((11,12),1),((5,6),((9,(14,13)),((19,20),7)))),((22,(18,10)),((((16,15),17),2),(((((23,24),21),8),(4,3)),25))));
0.000999001 (((12,11),((((22,(10,18)),25),((((17,15),16),2),((8,((23,24),21)),(4,3)))),((5,6),((((19,20),7),(14,13)),9)))),1);
0.000999001 (((((5,6),(7,(((19,20),9),(14,13)))),((22,(10,18)),((((8,(21,(23,24))),(4,3)),((16,(15,17)),2)),25))),(11,12)),1);
0.000999001 (((((18,10),22),((((((23,24),21),8),(4,3)),25),(((15,16),17),2))),((5,6),(9,((7,(19,20)),(14,13))))),(1,(11,12)));
0.000999001 (1,(((5,6),(((14,13),(7,(19,20))),9)),(((25,(((17,(15,16)),2),((((23,24),21),8),(4,3)))),(10,(22,18))),(11,12))));
0.000999001 ((((5,6),((((19,20),7),(14,13)),9)),(1,(11,12))),(((18,22),10),((((16,17),15),2),(((8,(21,(23,24))),(4,3)),25))));
0.000999001 (((25,(22,(18,10))),(((8,((23,24),21)),(4,3)),(((15,17),16),2))),((1,(12,11)),((5,6),(9,((14,13),(7,(19,20)))))));
0.000999001 ((((5,6),((14,13),((9,(19,20)),7))),(1,(12,11))),((10,(22,18)),((25,((8,((23,24),21)),(4,3))),((16,(15,17)),2))));
0.000999001 (((10,(18,22)),((((((23,24),21),8),(4,3)),25),(((17,15),16),2))),(((5,6),(7,((14,13),(9,(19,20))))),(1,(11,12))));
0.000999001 (1,((11,12),(((5,6),(9,((14,13),(7,(19,20))))),((25,(10,(22,18))),(((8,(21,(23,24))),(4,3)),((17,(15,16)),2))))));
0.000999001 ((((5,6),((14,13),((9,(19,20)),7))),(1,(11,12))),((10,(22,18)),(25,((((16,15),17),2),((((23,24),21),8),(4,3))))));
0.000999001 ((((5,6),(((7,(14,13)),(19,20)),9)),(1,(11,12))),(((((((23,24),21),8),(4,3)),((17,(16,15)),2)),25),((18,22),10)));
0.000999001 (((18,22),10),((((11,12),1),((5,6),(((14,13),((19,20),7)),9))),(25,(((8,(21,(23,24))),(4,3)),(((15,16),17),2)))));
0.000999001 ((((((21,(24,23)),8),(4,3)),(((15,16),17),2)),(((1,(11,12)),((5,6),((7,(20,19)),(9,(14,13))))),((22,18),10))),25);
0.000999001 (((((5,6),(9,(((19,20),(14,13)),7))),(12,11)),(((22,10),18),((((16,(15,17)),2),((8,((23,24),21)),(4,3))),25))),1);
0.000999001 (((((5,6),(((14,13),((19,20),9)),7)),((22,(10,18)),(((((15,16),17),2),((((23,24),21),8),(4,3))),25))),(11,12)),1);
0.000999001 (((10,(22,18)),((25,((((23,24),21),8),(4,3))),((17,(15,16)),2))),((1,(11,12)),((5,6),(((9,(19,20)),7),(14,13)))));
0.000999001 ((((((8,(21,(23,24))),(4,3)),((17,(15,16)),2)),25),(10,(18,22))),((((5,6),((14,13),(7,(9,(19,20))))),(11,12)),1));
0.000999001 (((11,12),(((5,6),(9,(((14,13),(19,20)),7))),((((17,(15,16)),2),(25,((8,(21,(23,24))),(4,3)))),((18,10),22)))),1);
0.000999001 (1,((((10,18),22),((((15,16),17),2),(((8,(21,(23,24))),(4,3)),25))),(((5,6),(9,(((14,13),(19,20)),7))),(11,12))));
0.0007492507 ((((25,(((8,((23,24),21)),(4,3)),(((15,17),16),2))),((22,18),10)),(1,(12,11))),((5,6),(((14,13),9),((19,20),7))));
0.0007492507 (((((5,6),((9,(14,13)),((19,20),7))),(((18,22),10),(25,((((23,24),(8,21)),(4,3)),((16,(17,15)),2))))),(12,11)),1);
0.0007492507 ((((25,(((8,((23,24),21)),(4,3)),(((15,17),16),2))),(10,(22,18))),(1,(12,11))),((5,6),(9,(((19,20),7),(14,13)))));
0.0007492507 ((((5,6),((7,(19,20)),(9,(14,13)))),((18,(10,22)),(((((16,15),17),2),((8,((23,24),21)),(4,3))),25))),(1,(12,11)));
0.0007492507 (((11,12),1),(((22,(10,18)),(25,(((8,((24,23),21)),(4,3)),(((16,15),17),2)))),((5,6),((7,(19,20)),(9,(14,13))))));
0.0007492507 ((1,(11,12)),(((((17,(15,16)),2),(((8,((24,23),21)),(4,3)),25)),((18,22),10)),((5,6),(((19,20),7),((14,13),9)))));
0.0007492507 ((((22,(18,10)),(((((17,16),15),2),((((23,24),21),8),(4,3))),25)),((5,6),((7,(19,20)),(9,(14,13))))),(1,(11,12)));
0.0007492507 (((((18,10),22),(((((17,15),16),2),((8,((23,24),21)),(4,3))),25)),((12,11),1)),((5,6),((7,(19,20)),(9,(14,13)))));
0.0007492507 (1,(((((18,10),22),((((16,(17,15)),2),((8,((23,24),21)),(4,3))),25)),(12,11)),((5,6),(((19,20),7),(9,(14,13))))));
0.0007492507 (1,((12,11),(((25,((((15,17),16),2),((8,((23,24),21)),(4,3)))),((22,18),10)),((5,6),(((19,20),9),((14,13),7))))));
0.0007492507 ((((((15,17),16),2),((8,((23,24),21)),(4,3))),25),((((5,6),((9,(14,13)),(7,(19,20)))),((12,11),1)),(18,(22,10))));
0.0007492507 (((5,6),((9,(14,13)),(7,(19,20)))),((1,(11,12)),(((10,18),22),((((8,((24,23),21)),(4,3)),((17,(15,16)),2)),25))));
0.0007492507 ((((18,22),10),(((((15,17),16),2),(((23,24),(8,21)),(4,3))),25)),((1,(12,11)),((5,6),(9,((7,(19,20)),(14,13))))));
0.0007492507 ((((22,18),10),(25,(((8,(21,(23,24))),(4,3)),(((17,15),16),2)))),((1,(11,12)),((5,6),((9,(19,20)),((14,13),7)))));
0.0007492507 (((((22,10),18),25),((((15,17),16),2),((8,((23,24),21)),(4,3)))),((1,(12,11)),((5,6),((9,(14,13)),(7,(19,20))))));
0.0007492507 (((((5,6),(9,((14,13),(7,(19,20))))),(((22,18),10),(25,((((16,15),17),2),((8,((23,24),21)),(4,3)))))),1),(12,11));
0.0007492507 ((12,11),((((5,6),((7,(19,20)),((14,13),9))),(((18,10),22),(((((16,15),17),2),((8,((23,24),21)),(4,3))),25))),1));
0.0007492507 (((5,6),(9,(((19,20),7),(14,13)))),((((((8,((23,24),21)),(4,3)),(((17,15),16),2)),25),(18,(10,22))),((12,11),1)));
0.0007492507 ((12,11),((((5,6),(((14,13),(7,(19,20))),9)),(((((8,((23,24),21)),(4,3)),(((17,15),16),2)),25),(18,(10,22)))),1));
0.0007492507 ((((5,6),((14,13),((9,(19,20)),7))),((25,(((((23,24),21),8),(4,3)),((17,(15,16)),2))),((18,22),10))),((11,12),1));
0.0007492507 (((11,12),(((22,(18,10)),((((16,(17,15)),2),25),((8,(21,(23,24))),(4,3)))),((5,6),(((14,13),((19,20),7)),9)))),1);
0.0007492507 ((((11,12),((5,6),((9,(14,13)),(7,(19,20))))),1),((10,(18,22)),((((16,15),17),2),(25,((((23,24),21),8),(4,3))))));
0.0007492507 ((((18,10),22),(((15,(16,17)),2),(((8,(21,(23,24))),(4,3)),25))),(((5,6),(((14,13),9),(7,(19,20)))),((11,12),1)));
0.0007492507 (1,(((11,12),((5,6),(9,(((19,20),7),(14,13))))),((((((23,24),21),8),(4,3)),(((17,15),16),2)),(25,(10,(22,18))))));
0.0007492507 ((((11,12),((5,6),(((9,(19,20)),7),(14,13)))),(((((8,((24,23),21)),(4,3)),((16,(15,17)),2)),25),(10,(22,18)))),1);
0.0007492507 (1,((((5,6),((7,(14,13)),((19,20),9))),((22,(18,10)),((((16,(17,15)),2),((8,(21,(23,24))),(4,3))),25))),(11,12)));
0.0007492507 ((11,12),(1,(((5,6),(((14,13),(7,(20,19))),9)),((((((21,(24,23)),8),(4,3)),25),((17,(15,16)),2)),(10,(22,18))))));
0.0007492507 ((((((15,(16,17)),2),((8,((23,24),21)),(4,3))),25),(10,(18,22))),(1,((12,11),((5,6),(9,(((19,20),7),(14,13)))))));
0.0007492507 ((((5,6),(((9,(14,13)),(19,20)),7)),(1,(11,12))),(((((17,(16,15)),2),((8,((24,23),21)),(4,3))),25),(22,(10,18))));
0.0007492507 ((((5,6),((7,((19,20),9)),(14,13))),(1,(11,12))),(((10,18),22),(25,((((17,15),16),2),((8,((24,23),21)),(4,3))))));
0.0007492507 ((((11,12),((5,6),(((14,13),((19,20),9)),7))),1),((10,(18,22)),(((((17,15),16),2),((8,((24,23),21)),(4,3))),25)));
0.0007492507 (((18,(22,10)),((1,(12,11)),((5,6),(((14,13),(7,(19,20))),9)))),(25,(((8,((23,24),21)),(4,3)),((16,(15,17)),2))));
0.0007492507 (((25,(((15,(17,16)),2),((((23,24),21),8),(4,3)))),((22,10),18)),(((5,6),(9,((7,(19,20)),(14,13)))),(1,(11,12))));
0.0007492507 (((((((16,15),17),2),25),((((23,24),21),8),(4,3))),(10,(22,18))),(((5,6),(9,((14,13),(7,(19,20))))),((11,12),1)));
0.0007492507 (1,((11,12),((((10,(18,22)),25),(((8,(21,(23,24))),(4,3)),((15,(16,17)),2))),((5,6),(9,((14,13),(7,(19,20))))))));
0.0007492507 ((((((15,17),16),2),((8,((23,24),21)),(4,3))),25),(((22,18),10),(((5,6),((14,13),(7,(9,(19,20))))),(1,(12,11)))));
0.0007492507 (((25,(((8,((24,23),21)),(4,3)),(((15,16),17),2))),((22,18),10)),(((5,6),(7,((14,13),((19,20),9)))),((11,12),1)));
0.0007492507 (((((8,(21,(23,24))),(4,3)),(((16,15),17),2)),25),((10,(18,22)),((1,(11,12)),((5,6),(9,((14,13),((19,20),7)))))));
0.0007492507 (((((8,((24,23),21)),(4,3)),((17,(15,16)),2)),(25,(10,(22,18)))),(((5,6),(((14,13),((19,20),7)),9)),(1,(11,12))));
0.0007492507 (((((5,6),((7,((19,20),(14,13))),9)),(((((15,17),16),2),(25,((8,((23,24),21)),(4,3)))),(22,(10,18)))),(12,11)),1);
0.0007492507 (1,(((((25,((((23,24),21),8),(4,3))),(((16,17),15),2)),((10,18),22)),((5,6),(9,((14,13),((19,20),7))))),(11,12)));
0.0007492507 (((1,(11,12)),((5,6),(9,(((14,13),(19,20)),7)))),((((16,(17,15)),2),(25,((8,(21,(23,24))),(4,3)))),(22,(10,18))));
0.0007492507 ((((18,10),22),((25,((8,((23,24),21)),(4,3))),((16,(15,17)),2))),(((5,6),(((9,(19,20)),(14,13)),7)),(1,(12,11))));
0.0007492507 (1,((((5,6),((((19,20),9),7),(14,13))),(((25,((8,((24,23),21)),(4,3))),(((17,15),16),2)),(22,(10,18)))),(11,12)));
0.0007492507 (((18,(22,10)),((((8,(21,(23,24))),(4,3)),((17,(15,16)),2)),25)),((((5,6),(9,((7,(19,20)),(14,13)))),(11,12)),1));
0.0007492507 (1,((((((15,(16,17)),2),(((21,(24,23)),8),(4,3))),25),((10,22),18)),(((5,6),(9,(((20,19),7),(14,13)))),(11,12))));
0.0007492507 ((((((22,10),18),25),((((17,15),16),2),((8,((23,24),21)),(4,3)))),((12,11),((5,6),(9,((14,13),(7,(19,20))))))),1);
0.0007492507 (1,((((((17,16),15),2),(((((23,24),21),8),(4,3)),25)),(18,(10,22))),(((5,6),((9,(14,13)),((19,20),7))),(11,12))));
0.0007492507 (((11,12),(((5,6),((((19,20),7),(14,13)),9)),((25,((10,18),22)),((((15,16),17),2),((8,((24,23),21)),(4,3)))))),1);
0.0007492507 (((25,(((17,(15,16)),2),((8,((23,24),21)),(4,3)))),(22,(18,10))),(((5,6),((((19,20),(14,13)),7),9)),((12,11),1)));
0.0007492507 ((((12,11),((5,6),(((14,13),7),((19,20),9)))),(((10,18),22),(25,(((8,((23,24),21)),(4,3)),((16,(17,15)),2))))),1);
0.0007492507 (((((5,6),(((7,(19,20)),(14,13)),9)),((((15,(16,17)),2),((((23,24),21),8),(4,3))),(25,((10,18),22)))),(11,12)),1);
0.0007492507 ((((5,6),(9,(7,((14,13),(19,20))))),(1,(11,12))),(((25,((((23,24),21),8),(4,3))),(((16,15),17),2)),(10,(22,18))));
0.0007492507 (1,((((5,6),((14,13),(((19,20),9),7))),(((10,18),22),(25,((((16,17),15),2),((((23,24),21),8),(4,3)))))),(11,12)));
0.0007492507 (1,((((18,22),10),((((8,((24,23),21)),(4,3)),((17,(16,15)),2)),25)),(((5,6),(7,((14,13),(9,(19,20))))),(11,12))));
0.0007492507 (((11,12),(((5,6),((((19,20),9),7),(14,13))),(((22,10),18),(25,(((8,(21,(23,24))),(4,3)),((17,(16,15)),2)))))),1);
0.0007492507 (25,(((8,((23,24),21)),(4,3)),(((((5,6),((9,(14,13)),((19,20),7))),(1,(12,11))),(18,(10,22))),(((17,15),16),2))));
0.0007492507 ((((((21,(24,23)),8),(4,3)),((15,(16,17)),2)),(((1,(11,12)),((5,6),(9,(((20,19),7),(14,13))))),(10,(18,22)))),25);
0.0007492507 (((((8,((23,24),21)),(4,3)),(((17,15),16),2)),(((1,(12,11)),((5,6),(9,(((14,13),(19,20)),7)))),((18,22),10))),25);
0.0007492507 (((((5,6),(9,(7,((14,13),(19,20))))),(11,12)),(((22,10),18),((((8,(21,(23,24))),(4,3)),25),((16,(17,15)),2)))),1);
0.0007492507 ((((22,10),18),((((15,16),17),2),(((8,(21,(23,24))),(4,3)),25))),(1,(((5,6),(((14,13),((19,20),7)),9)),(11,12))));
0.0007492507 (((1,(11,12)),((5,6),((7,((19,20),9)),(14,13)))),((18,(22,10)),((((15,16),17),2),(((8,((24,23),21)),(4,3)),25))));
0.0007492507 ((((11,12),((5,6),(7,((14,13),(9,(19,20)))))),1),((25,(((17,(15,16)),2),((8,((24,23),21)),(4,3)))),(22,(10,18))));
0.0007492507 (((((18,22),10),((((16,15),17),2),(25,((((23,24),21),8),(4,3))))),(((5,6),(((14,13),7),(9,(19,20)))),(11,12))),1);
0.0007492507 (((((5,6),((((19,20),9),(14,13)),7)),(11,12)),(((((15,16),17),2),(((8,(21,(23,24))),(4,3)),25)),((22,18),10))),1);
0.0007492507 ((((25,((((16,15),17),2),((8,((24,23),21)),(4,3)))),((18,10),22)),((11,12),((5,6),((7,(9,(19,20))),(14,13))))),1);
0.0007492507 (1,(((11,12),((5,6),(7,((14,13),((19,20),9))))),((25,(((8,((24,23),21)),(4,3)),((17,(15,16)),2))),((10,18),22))));
0.0007492507 (((((5,6),((9,(19,20)),((14,13),7))),(11,12)),(((((((23,24),21),8),(4,3)),(((16,15),17),2)),25),(18,(22,10)))),1);
0.0007492507 (1,((((5,6),(9,(7,((19,20),(14,13))))),(11,12)),(((10,22),18),((((8,(21,(23,24))),(4,3)),25),((17,(15,16)),2)))));
0.0004995005 ((((5,6),((9,(14,13)),((19,20),7))),(((22,10),18),(25,((((17,15),16),2),((8,(21,(23,24))),(4,3)))))),((11,12),1));
0.0004995005 (((((5,6),(((14,13),9),((19,20),7))),(((25,(((15,17),16),2)),((8,((23,24),21)),(4,3))),((18,22),10))),(12,11)),1);
0.0004995005 (((12,11),1),(((25,(((8,((23,24),21)),(4,3)),(((15,17),16),2))),(10,(22,18))),((5,6),(9,(((19,20),(14,13)),7)))));
0.0004995005 ((1,(11,12)),(((5,6),(((14,13),((19,20),7)),9)),(((((17,15),16),2),(((8,((24,23),21)),(4,3)),25)),((18,22),10))));
0.0004995005 ((1,((((((17,15),16),2),(25,((8,((23,24),21)),(4,3)))),((18,22),10)),((5,6),((7,(19,20)),((14,13),9))))),(12,11));
0.0004995005 ((((((((8,((23,24),21)),(4,3)),(((17,15),16),2)),25),((22,10),18)),((5,6),(((19,20),7),(9,(14,13))))),1),(12,11));
0.0004995005 ((((5,6),(((19,20),7),((14,13),9))),((12,11),1)),(((18,22),10),((25,((16,(15,17)),2)),((8,((23,24),21)),(4,3)))));
0.0004995005 (((12,11),1),((((((15,17),16),2),(25,((8,((23,24),21)),(4,3)))),((10,22),18)),((5,6),(((19,20),7),((14,13),9)))));
0.0004995005 (1,(((5,6),((7,(19,20)),((14,13),9))),((12,11),(((22,18),10),(((16,(15,17)),2),(((8,((23,24),21)),(4,3)),25))))));
0.0004995005 (1,((((22,18),10),(25,(((8,((23,24),21)),(4,3)),((16,(17,15)),2)))),(((5,6),((((14,13),9),7),(19,20))),(12,11))));
0.0004995005 (1,((((5,6),((7,(19,20)),((14,13),9))),(12,11)),(25,((((8,((23,24),21)),(4,3)),(((17,15),16),2)),(10,(22,18))))));
0.0004995005 (((((5,6),((7,(19,20)),(9,(14,13)))),(12,11)),((25,((((23,24),(8,21)),(4,3)),((16,(17,15)),2))),(10,(22,18)))),1);
0.0004995005 (((((17,15),16),2),(25,((8,((23,24),21)),(4,3)))),((((12,11),1),((5,6),((9,(14,13)),(7,(19,20))))),(10,(22,18))));
0.0004995005 (((10,(22,18)),((((8,(21,(23,24))),(4,3)),25),((15,(17,16)),2))),((1,(11,12)),((5,6),((9,(14,13)),((19,20),7)))));
0.0004995005 (1,((12,11),((((((8,((23,24),21)),(4,3)),(((15,17),16),2)),25),((22,10),18)),((5,6),(7,(((14,13),9),(19,20)))))));
0.0004995005 (((11,12),((((((((23,24),21),8),(4,3)),(((17,15),16),2)),25),(18,(10,22))),((5,6),((14,13),((7,(19,20)),9))))),1);
0.0004995005 (1,((((25,(((16,(17,15)),2),((8,((23,24),21)),(4,3)))),(22,(18,10))),((5,6),(7,((19,20),((14,13),9))))),(12,11)));
0.0004995005 (((11,12),(((5,6),((9,(14,13)),((19,20),7))),((22,(18,10)),(25,((((23,24),(21,8)),(4,3)),(((17,15),16),2)))))),1);
0.0004995005 (1,((11,12),(((25,((18,22),10)),(((8,(21,(23,24))),(4,3)),(((15,16),17),2))),((5,6),((9,(14,13)),((19,20),7))))));
0.0004995005 (1,((11,12),(((((((16,15),17),2),((((23,24),21),8),(4,3))),25),(10,(22,18))),((5,6),((19,20),(7,(9,(14,13))))))));
0.0004995005 (((11,12),(((25,((((21,8),(24,23)),(4,3)),((17,(16,15)),2))),((22,18),10)),((5,6),(((20,19),7),((14,13),9))))),1);
0.0004995005 ((((((16,(17,15)),2),(((23,24),(21,8)),(4,3))),25),(10,(18,22))),((((5,6),((7,(19,20)),(9,(14,13)))),(11,12)),1));
0.0004995005 ((((((8,((24,23),21)),(4,3)),(((17,15),16),2)),25),(10,(22,18))),((((5,6),(((14,13),(7,(19,20))),9)),1),(11,12)));
0.0004995005 (((22,18),10),(((1,(12,11)),((5,6),(((19,20),7),(9,(14,13))))),(((((16,15),17),2),((8,((23,24),21)),(4,3))),25)));
0.0004995005 (((25,(((8,((24,23),21)),(4,3)),(((16,15),17),2))),(10,(18,22))),(((5,6),((19,20),(7,((14,13),9)))),(1,(11,12))));
0.0004995005 ((((((21,(24,23)),8),(4,3)),(((15,16),17),2)),(((18,22),10),25)),(((5,6),((9,(14,13)),((20,19),7))),((11,12),1)));
0.0004995005 (((25,(((8,(21,(23,24))),(4,3)),((16,(17,15)),2))),(((5,6),(9,((7,(19,20)),(14,13)))),((11,12),1))),((18,22),10));
0.0004995005 (((((((15,17),16),2),((8,((24,23),21)),(4,3))),25),(((11,12),1),((5,6),((((14,13),9),7),(19,20))))),((18,22),10));
0.0004995005 ((((10,(22,18)),25),(((16,(15,17)),2),((8,((23,24),21)),(4,3)))),(((5,6),(9,((7,(19,20)),(14,13)))),(1,(12,11))));
0.0004995005 (((10,(18,22)),((((16,(15,17)),2),(((23,24),(8,21)),(4,3))),25)),(((5,6),((19,20),((9,(14,13)),7))),((12,11),1)));
0.0004995005 ((((12,11),1),(((10,18),22),((((8,((23,24),21)),(4,3)),((16,(15,17)),2)),25))),((5,6),(9,((14,13),((19,20),7)))));
0.0004995005 (((5,6),((7,((14,13),(19,20))),9)),((((18,22),10),(25,((((15,17),16),2),((8,((24,23),21)),(4,3))))),(1,(11,12))));
0.0004995005 ((1,((((18,22),10),(25,(((8,(21,(23,24))),(4,3)),((15,(16,17)),2)))),((5,6),(9,((14,13),((19,20),7)))))),(11,12));
0.0004995005 ((11,12),(1,(((5,6),(9,((7,(19,20)),(14,13)))),((22,(10,18)),((((8,(21,(23,24))),(4,3)),((16,(17,15)),2)),25)))));
0.0004995005 ((((((22,18),10),((((8,(21,(23,24))),(4,3)),(((17,15),16),2)),25)),((5,6),((7,((19,20),(14,13))),9))),1),(11,12));
0.0004995005 (((((22,(18,10)),(25,(((8,((23,24),21)),(4,3)),(((17,15),16),2)))),((5,6),((19,20),(((14,13),9),7)))),1),(12,11));
0.0004995005 (((11,12),1),(((5,6),((((14,13),(19,20)),7),9)),((25,(((8,(21,(23,24))),(4,3)),(((16,15),17),2))),(10,(18,22)))));
0.0004995005 (1,((((5,6),((7,((14,13),9)),(19,20))),(12,11)),((((((17,15),16),2),((8,((23,24),21)),(4,3))),25),(22,(18,10)))));
0.0004995005 (1,((((5,6),(7,(((14,13),9),(19,20)))),(12,11)),(((10,18),22),(25,(((8,((23,24),21)),(4,3)),((16,(15,17)),2))))));
0.0004995005 (((11,12),(((22,(18,10)),((25,((((23,24),21),8),(4,3))),((15,(16,17)),2))),((5,6),(((14,13),9),((19,20),7))))),1);
0.0004995005 (1,((12,11),(((22,(10,18)),((((17,15),16),2),(25,(((23,24),(8,21)),(4,3))))),((5,6),((7,(19,20)),((14,13),9))))));
0.0004995005 ((((12,11),((5,6),((9,(14,13)),((19,20),7)))),1),((((16,(15,17)),2),(((8,((23,24),21)),(4,3)),25)),((10,22),18)));
0.0004995005 (1,((((5,6),(((14,13),9),((19,20),7))),(12,11)),((10,(22,18)),(((((23,24),(8,21)),(4,3)),25),(((17,15),16),2)))));
0.0004995005 (1,(((((25,((8,(21,(23,24))),(4,3))),(((16,17),15),2)),(18,(10,22))),((5,6),(((19,20),7),((14,13),9)))),(11,12)));
0.0004995005 (((1,(11,12)),((5,6),((((14,13),9),(19,20)),7))),(((((8,((24,23),21)),(4,3)),25),((16,(17,15)),2)),((18,10),22)));
0.0004995005 ((1,(((5,6),((9,(14,13)),(7,(19,20)))),(((((8,((24,23),21)),(4,3)),25),(((16,15),17),2)),(22,(10,18))))),(11,12));
0.0004995005 ((((25,(((16,(17,15)),2),(((21,(24,23)),8),(4,3)))),(10,(22,18))),(((5,6),(((14,13),(9,(20,19))),7)),(11,12))),1);
0.0004995005 ((((((18,10),22),((((8,((23,24),21)),(4,3)),((16,(17,15)),2)),25)),((5,6),(9,((7,(14,13)),(19,20))))),(12,11)),1);
0.0004995005 (1,((((5,6),((9,(19,20)),((14,13),7))),(((((8,((24,23),21)),(4,3)),25),(((17,15),16),2)),(10,(22,18)))),(11,12)));
0.0004995005 (1,((11,12),(((5,6),((7,(9,(19,20))),(14,13))),(((25,((8,((24,23),21)),(4,3))),(((15,17),16),2)),(10,(22,18))))));
0.0004995005 (((((5,6),((7,(19,20)),((14,13),9))),(11,12)),((25,(10,(18,22))),(((8,(21,(23,24))),(4,3)),(((15,16),17),2)))),1);
0.0004995005 (((11,12),(((5,6),((14,13),(9,((19,20),7)))),(((10,18),22),(25,(((17,(15,16)),2),((8,(21,(23,24))),(4,3))))))),1);
0.0004995005 ((((((15,17),16),2),(((8,((23,24),21)),(4,3)),25)),(18,(10,22))),(((5,6),(((9,(14,13)),7),(19,20))),(1,(12,11))));
0.0004995005 (((((8,((23,24),21)),(4,3)),25),(((15,17),16),2)),(((10,22),18),((1,(12,11)),((5,6),((9,(14,13)),((19,20),7))))));
0.0004995005 (((22,10),18),((((5,6),((9,(14,13)),(7,(19,20)))),((12,11),1)),((((17,15),16),2),(((8,((23,24),21)),(4,3)),25))));
0.0004995005 ((((11,12),1),((5,6),(((19,20),7),(9,(14,13))))),((18,(10,22)),(((17,(16,15)),2),(((((23,24),21),8),(4,3)),25))));
0.0004995005 (1,((11,12),(((((8,(21,(23,24))),(4,3)),(((17,(15,16)),2),25)),((22,18),10)),((5,6),(9,(((19,20),7),(14,13)))))));
0.0004995005 ((11,12),(1,(((5,6),(9,((14,13),((20,19),7)))),((22,(10,18)),((((17,(16,15)),2),(((21,(24,23)),8),(4,3))),25)))));
0.0004995005 ((((5,6),(9,((14,13),((20,19),7)))),((((((21,(24,23)),8),(4,3)),25),((17,(16,15)),2)),((10,22),18))),(1,(11,12)));
0.0004995005 (((((5,6),(7,((14,13),((19,20),9)))),(((10,22),18),((((16,(17,15)),2),((8,((23,24),21)),(4,3))),25))),(12,11)),1);
0.0004995005 ((((((18,10),22),((((8,(21,(23,24))),(4,3)),((15,(16,17)),2)),25)),((5,6),(((14,13),(7,(19,20))),9))),1),(11,12));
0.0004995005 ((((11,12),1),((25,((((15,16),17),2),((8,(21,(23,24))),(4,3)))),(22,(10,18)))),((5,6),(9,((14,13),(7,(19,20))))));
0.0004995005 ((1,((12,11),((5,6),((((19,20),(14,13)),7),9)))),((10,(18,22)),((((8,((23,24),21)),(4,3)),((16,(17,15)),2)),25)));
0.0004995005 ((((5,6),(((14,13),((19,20),7)),9)),(1,(12,11))),(((10,18),22),(25,((((23,24),(8,21)),(4,3)),(((17,15),16),2)))));
0.0004995005 (((25,((((15,17),16),2),(((21,(24,23)),8),(4,3)))),(22,(18,10))),(((11,12),1),((5,6),((9,(20,19)),((14,13),7)))));
0.0004995005 ((((22,(10,18)),((1,(12,11)),((5,6),(((19,20),7),((14,13),9))))),25),(((8,((23,24),21)),(4,3)),(((17,15),16),2)));
0.0004995005 ((((10,(22,18)),(1,((11,12),((5,6),((7,(20,19)),(9,(14,13))))))),((((21,(24,23)),8),(4,3)),((16,(17,15)),2))),25);
0.0004995005 ((((18,(10,22)),((1,(12,11)),((5,6),((7,(19,20)),(9,(14,13)))))),25),(((8,((23,24),21)),(4,3)),(((17,15),16),2)));
0.0004995005 ((((((22,18),10),((1,(12,11)),((5,6),(((14,13),9),(7,(19,20)))))),25),(((17,15),16),2)),((8,((23,24),21)),(4,3)));
0.0004995005 ((((22,10),18),((((8,((24,23),21)),(4,3)),(((15,17),16),2)),25)),(((11,12),1),((5,6),((7,((19,20),9)),(14,13)))));
0.0004995005 (((((25,(((16,(17,15)),2),((8,(21,(23,24))),(4,3)))),((22,10),18)),((5,6),((((19,20),9),7),(14,13)))),1),(11,12));
0.0004995005 ((11,12),((((5,6),(9,(((19,20),7),(14,13)))),(((((17,(15,16)),2),((((23,24),21),8),(4,3))),25),((10,22),18))),1));
0.0004995005 (((11,12),(((25,(((((23,24),21),8),(4,3)),((15,(16,17)),2))),((18,22),10)),((5,6),((((19,20),9),(14,13)),7)))),1);
0.0004995005 (1,((((5,6),(9,((19,20),(7,(14,13))))),(((22,18),10),(25,((((16,15),17),2),((8,(21,(23,24))),(4,3)))))),(11,12)));
0.0004995005 (((11,12),(((((((21,8),(24,23)),(4,3)),((15,(17,16)),2)),25),((18,22),10)),((5,6),(((7,(20,19)),(14,13)),9)))),1);
0.0004995005 (1,((11,12),(((5,6),(((14,13),7),(9,(19,20)))),((25,(((17,(16,15)),2),((((23,24),21),8),(4,3)))),(10,(18,22))))));
0.0004995005 ((((18,22),10),(25,(((8,(21,(23,24))),(4,3)),(((16,17),15),2)))),((1,(11,12)),((5,6),((7,((19,20),9)),(14,13)))));
0.0004995005 ((((((17,(16,15)),2),((8,((23,24),21)),(4,3))),25),((22,18),10)),(((5,6),(((14,13),7),((19,20),9))),(1,(12,11))));
0.0004995005 ((11,12),((((5,6),((((20,19),9),(14,13)),7)),((10,(22,18)),(((((21,(24,23)),8),(4,3)),((17,(15,16)),2)),25))),1));
0.0004995005 ((1,((11,12),((5,6),((((19,20),7),(14,13)),9)))),(((((8,(21,(23,24))),(4,3)),25),((16,(17,15)),2)),((10,22),18)));
0.0004995005 (((((8,((23,24),21)),(4,3)),25),(((15,17),16),2)),((22,(10,18)),(((5,6),(9,((7,(19,20)),(14,13)))),(1,(12,11)))));
0.0004995005 (((((15,(17,16)),2),(25,((8,((23,24),21)),(4,3)))),(22,(10,18))),(1,((12,11),((5,6),(((19,20),7),((14,13),9))))));
0.0004995005 ((((((5,6),((7,(19,20)),(9,(14,13)))),(12,11)),1),((10,18),22)),(((16,(17,15)),2),(((8,((23,24),21)),(4,3)),25)));
0.0004995005 ((((5,6),(((19,20),9),(7,(14,13)))),(1,(11,12))),(((10,18),22),((((8,(21,(23,24))),(4,3)),25),(((15,17),16),2))));
0.0004995005 (((18,(10,22)),((((16,15),17),2),(((8,(21,(23,24))),(4,3)),25))),((1,(11,12)),((5,6),(((14,13),((19,20),7)),9))));
0.0004995005 (((((8,((23,24),21)),(4,3)),((16,(17,15)),2)),25),((22,(10,18)),(1,(((5,6),(((7,(19,20)),(14,13)),9)),(12,11)))));
0.0004995005 (((18,(22,10)),((((8,((24,23),21)),(4,3)),25),((16,(17,15)),2))),((1,(11,12)),((5,6),((7,((19,20),(14,13))),9))));
0.0004995005 (((((5,6),(9,(((19,20),7),(14,13)))),(11,12)),((25,(22,(18,10))),((((15,17),16),2),((8,(21,(23,24))),(4,3))))),1);
0.0004995005 (1,(((((25,((8,(21,(23,24))),(4,3))),(((17,15),16),2)),((10,18),22)),((5,6),((((19,20),9),(14,13)),7))),(11,12)));
0.0004995005 (1,(((11,12),((5,6),(9,((19,20),(7,(14,13)))))),(((10,22),18),((((16,(15,17)),2),((8,((24,23),21)),(4,3))),25))));
0.0004995005 (((((5,6),(((19,20),7),(9,(14,13)))),(12,11)),1),(((((8,((23,24),21)),(4,3)),25),(((15,16),17),2)),(18,(10,22))));
0.0004995005 ((((22,(18,10)),25),(((17,(16,15)),2),((8,(21,(23,24))),(4,3)))),(((5,6),((((19,20),7),(14,13)),9)),((11,12),1)));
0.0004995005 (((((((16,(15,17)),2),((((23,24),21),8),(4,3))),25),(22,(10,18))),(((5,6),(((14,13),((19,20),9)),7)),(11,12))),1);
0.0004995005 (1,((((5,6),((14,13),(7,((19,20),9)))),(11,12)),(((10,18),22),(25,(((((23,24),21),8),(4,3)),(((15,17),16),2))))));
0.0004995005 (1,(((11,12),((5,6),((((19,20),9),(14,13)),7))),((10,(18,22)),((((15,17),16),2),(25,((((23,24),21),8),(4,3)))))));
0.0004995005 (((1,(11,12)),((5,6),((((19,20),(14,13)),7),9))),((22,(10,18)),(25,(((15,(16,17)),2),((8,((24,23),21)),(4,3))))));
0.0004995005 ((((10,18),22),(((12,11),1),((5,6),(9,(((14,13),(19,20)),7))))),(((((15,17),16),2),((8,((23,24),21)),(4,3))),25));
0.0004995005 (((1,(11,12)),((5,6),(((14,13),((19,20),9)),7))),((18,(10,22)),((((17,15),16),2),(((8,((24,23),21)),(4,3)),25))));
0.0004995005 (((11,12),(((25,(((((23,24),21),8),(4,3)),((17,(15,16)),2))),((18,10),22)),((5,6),((7,(14,13)),((19,20),9))))),1);
0.0004995005 (1,(((((10,18),22),(25,(((((23,24),21),8),(4,3)),((17,(16,15)),2)))),((5,6),((7,(9,(19,20))),(14,13)))),(11,12)));
0.0004995005 (1,((((25,((8,((24,23),21)),(4,3))),(((16,15),17),2)),(10,(18,22))),(((5,6),((19,20),(((14,13),9),7))),(11,12))));
0.0004995005 ((((11,12),((5,6),(((14,13),((19,20),7)),9))),((10,(22,18)),(25,((((23,24),(21,8)),(4,3)),((17,(16,15)),2))))),1);
0.0004995005 ((1,(((5,6),((((19,20),(14,13)),7),9)),(11,12))),(((((17,(16,15)),2),((((23,24),21),8),(4,3))),25),(10,(22,18))));
0.0004995005 (1,(((((18,22),10),25),(((((23,24),21),8),(4,3)),(((15,16),17),2))),(((5,6),(((14,13),(7,(19,20))),9)),(11,12))));
0.0004995005 ((((5,6),(7,(((19,20),9),(14,13)))),(1,(11,12))),(((10,18),22),(25,(((8,(21,(23,24))),(4,3)),(((15,16),17),2)))));
0.0004995005 (((10,(22,18)),((1,(11,12)),((5,6),((7,((20,19),9)),(14,13))))),(((((21,(24,23)),8),(4,3)),25),((16,(15,17)),2)));
0.0004995005 ((((10,(18,22)),((((15,(16,17)),2),((8,((24,23),21)),(4,3))),25)),(((5,6),((7,((14,13),(19,20))),9)),(11,12))),1);
0.0004995005 (((((5,6),(7,((14,13),((19,20),9)))),(12,11)),(((22,10),18),((((8,((23,24),21)),(4,3)),((16,(17,15)),2)),25))),1);
0.0004995005 (1,((((((22,10),18),25),(((17,(16,15)),2),(((21,(24,23)),8),(4,3)))),((5,6),(9,((7,(20,19)),(14,13))))),(11,12)));
0.0004995005 (((1,(12,11)),((5,6),((7,((19,20),(14,13))),9))),((18,(10,22)),(25,(((8,((23,24),21)),(4,3)),(((16,15),17),2)))));
0.0004995005 (((22,(18,10)),((((8,((24,23),21)),(4,3)),(((17,16),15),2)),25)),(((11,12),1),((5,6),(7,((14,13),((19,20),9))))));
0.0004995005 ((((17,15),16),2),((25,((((5,6),(((14,13),(7,(19,20))),9)),(1,(12,11))),(10,(22,18)))),((8,((23,24),21)),(4,3))));
0.0004995005 (((((5,6),(((19,20),9),((14,13),7))),(11,12)),(((18,22),10),(25,(((8,(21,(23,24))),(4,3)),((17,(16,15)),2))))),1);
0.0004995005 ((1,((11,12),((5,6),(7,((14,13),((19,20),9)))))),(((((8,((24,23),21)),(4,3)),(((16,15),17),2)),25),((22,18),10)));
0.0004995005 ((((5,6),((((19,20),9),7),(14,13))),((11,12),1)),((25,(((8,(21,(23,24))),(4,3)),((17,(16,15)),2))),(18,(10,22))));
0.0004995005 ((((((21,(24,23)),8),(4,3)),(((15,16),17),2)),(((1,(11,12)),((5,6),((9,(14,13)),(7,(20,19))))),(22,(10,18)))),25);
0.0004995005 ((25,((((5,6),(9,((7,(19,20)),(14,13)))),((11,12),1)),((22,18),10))),((((15,16),17),2),((8,(21,(23,24))),(4,3))));
0.0004995005 ((((10,18),22),(((((15,16),17),2),((8,((24,23),21)),(4,3))),25)),((((5,6),(9,(((14,13),(19,20)),7))),1),(11,12)));
0.0004995005 (((((5,6),((((19,20),7),(14,13)),9)),(11,12)),1),((((17,(15,16)),2),(((8,(21,(23,24))),(4,3)),25)),(22,(10,18))));
0.0004995005 (1,((((25,((8,((24,23),21)),(4,3))),(((16,15),17),2)),(10,(22,18))),((11,12),((5,6),((7,((14,13),(19,20))),9)))));
0.0004995005 ((((((5,6),(9,(7,((19,20),(14,13))))),((12,11),1)),(22,(18,10))),((((17,15),16),2),((8,((23,24),21)),(4,3)))),25);
0.0004995005 ((((5,6),((((14,13),(20,19)),7),9)),(((25,((((21,(24,23)),8),(4,3)),((15,(17,16)),2))),(22,(10,18))),(11,12))),1);
0.0004995005 ((((11,12),((5,6),((14,13),(7,(9,(19,20)))))),((((16,(15,17)),2),(25,((((23,24),21),8),(4,3)))),(22,(10,18)))),1);
0.0004995005 (1,(((11,12),((5,6),(7,((14,13),(9,(19,20)))))),(((((17,15),16),2),(25,((8,(21,(23,24))),(4,3)))),(22,(18,10)))));
0.0004995005 (((((5,6),((7,((19,20),9)),(14,13))),(12,11)),(((10,22),18),(((16,(17,15)),2),(25,((8,((23,24),21)),(4,3)))))),1);
0.0004995005 (((((5,6),((7,((14,13),(19,20))),9)),(11,12)),(((10,22),18),(25,(((15,(17,16)),2),((8,(21,(23,24))),(4,3)))))),1);
0.0004995005 (1,((((5,6),(7,((9,(14,13)),(19,20)))),(12,11)),(((((15,16),17),2),(25,((8,((23,24),21)),(4,3)))),(18,(22,10)))));
0.0004995005 ((((11,12),((5,6),(9,(7,((19,20),(14,13)))))),((((17,(16,15)),2),((((23,24),21),8),(4,3))),(25,((22,18),10)))),1);
0.0004995005 (1,(((11,12),((5,6),(((14,13),((19,20),9)),7))),(((((8,(21,(23,24))),(4,3)),(((16,15),17),2)),25),(18,(10,22)))));
0.0004995005 (1,(((11,12),((5,6),((7,(9,(19,20))),(14,13)))),(((((16,15),17),2),(25,((((23,24),21),8),(4,3)))),((22,10),18))));
0.0004995005 (1,((((((15,16),17),2),(25,((8,((24,23),21)),(4,3)))),((18,10),22)),(((5,6),(7,((14,13),(9,(19,20))))),(11,12))));
0.0004995005 (1,(((11,12),((5,6),(9,(((14,13),(19,20)),7)))),((22,(18,10)),((((((23,24),21),8),(4,3)),25),(((16,17),15),2)))));
0.0004995005 ((((21,(24,23)),8),(4,3)),(((((15,16),17),2),((((5,6),(((14,13),(9,(20,19))),7)),(1,(11,12))),(22,(10,18)))),25));
0.0002497502 ((((21,(24,23)),8),(4,3)),(((((11,12),(1,((5,6),(((9,(20,19)),7),(14,13))))),(18,(22,10))),25),(((15,16),17),2)));
0.0002497502 (((12,11),1),(((5,6),((9,(14,13)),((19,20),7))),((25,(10,(18,22))),(((8,((23,24),21)),(4,3)),(((15,17),16),2)))));
0.0002497502 ((((5,6),(7,((19,20),(9,(14,13))))),((10,(22,18)),(((((15,17),16),2),((8,((24,23),21)),(4,3))),25))),(1,(11,12)));
0.0002497502 ((1,(11,12)),(((5,6),((19,20),(7,((14,13),9)))),((10,(22,18)),(25,(((8,((24,23),21)),(4,3)),((16,(15,17)),2))))));
0.0002497502 (((((5,6),((9,(7,(19,20))),(14,13))),((25,(((8,((24,23),21)),(4,3)),((16,(15,17)),2))),((22,18),10))),(11,12)),1);
0.0002497502 ((((5,6),(((19,20),7),(9,(14,13)))),((12,11),(((18,22),10),((((8,((23,24),21)),(4,3)),((16,(17,15)),2)),25)))),1);
0.0002497502 (((11,12),1),(((5,6),(9,((7,(20,19)),(14,13)))),((10,(18,22)),(25,(((15,(16,17)),2),(((21,(24,23)),8),(4,3)))))));
0.0002497502 (((11,12),1),(((((8,((24,23),21)),(4,3)),((16,(17,15)),2)),(((18,22),10),25)),((5,6),(((7,(19,20)),(14,13)),9))));
0.0002497502 ((1,((((22,18),10),(25,(((16,(17,15)),2),((8,((23,24),21)),(4,3))))),((5,6),((((14,13),9),(19,20)),7)))),(12,11));
0.0002497502 ((((((((17,15),16),2),((8,((23,24),21)),(4,3))),((10,(22,18)),25)),((5,6),(((14,13),9),((19,20),7)))),1),(12,11));
0.0002497502 ((11,12),(1,((((22,18),10),((((8,(21,(23,24))),(4,3)),(((15,16),17),2)),25)),((5,6),((9,(14,13)),(7,(19,20)))))));
0.0002497502 ((((25,(((8,((23,24),21)),(4,3)),(((15,17),16),2))),(10,(22,18))),1),(((5,6),(((19,20),7),(9,(14,13)))),(12,11)));
0.0002497502 (((12,11),(1,((5,6),((7,(19,20)),(9,(14,13)))))),(((22,18),10),((((16,(17,15)),2),((8,((23,24),21)),(4,3))),25)));
0.0002497502 ((((5,6),((((19,20),9),(14,13)),7)),((10,(18,22)),(((((15,17),16),2),((8,((23,24),21)),(4,3))),25))),((12,11),1));
0.0002497502 ((((((((16,15),17),2),((8,((23,24),21)),(4,3))),25),(10,(22,18))),((5,6),((7,((14,13),9)),(19,20)))),((12,11),1));
0.0002497502 ((1,(12,11)),(((18,(10,22)),((((8,((23,24),21)),(4,3)),((16,(17,15)),2)),25)),((5,6),((((14,13),9),7),(19,20)))));
0.0002497502 ((((25,(((8,((23,24),21)),(4,3)),(((17,15),16),2))),(22,(18,10))),((5,6),(7,((19,20),((14,13),9))))),((12,11),1));
0.0002497502 ((((((((23,24),(8,21)),(4,3)),25),((16,(15,17)),2)),((18,22),10)),((5,6),((7,(19,20)),(9,(14,13))))),(1,(12,11)));
0.0002497502 (((5,6),(((14,13),9),((19,20),7))),(((((((23,24),(8,21)),(4,3)),((16,(17,15)),2)),25),(10,(22,18))),(1,(12,11))));
0.0002497502 ((((5,6),(((19,20),7),((14,13),9))),(((((15,17),16),2),(25,((8,((23,24),21)),(4,3)))),(22,(18,10)))),(1,(12,11)));
0.0002497502 ((((((8,((23,24),21)),(4,3)),((16,(15,17)),2)),(10,(18,22))),25),((1,(12,11)),((5,6),((9,(14,13)),((19,20),7)))));
0.0002497502 (1,(((5,6),((7,(19,20)),(9,(14,13)))),((11,12),(((22,18),10),((25,((16,(15,17)),2)),((8,((24,23),21)),(4,3)))))));
0.0002497502 (1,((((((((15,17),16),2),((8,((24,23),21)),(4,3))),25),(18,(22,10))),(11,12)),((5,6),((7,(19,20)),(9,(14,13))))));
0.0002497502 (1,(((5,6),(((14,13),9),((19,20),7))),(((25,((((15,16),17),2),((8,(21,(23,24))),(4,3)))),((22,18),10)),(11,12))));
0.0002497502 ((((12,11),((5,6),((7,(19,20)),((14,13),9)))),((10,(18,22)),(((8,((23,24),21)),(4,3)),(25,((16,(15,17)),2))))),1);
0.0002497502 (((11,12),((((((15,17),16),2),(25,((8,((24,23),21)),(4,3)))),(10,(22,18))),1)),((5,6),((9,(14,13)),(7,(19,20)))));
0.0002497502 ((1,(((((15,17),16),2),(((8,((23,24),21)),(4,3)),25)),(10,(18,22)))),((12,11),((5,6),((9,(14,13)),((19,20),7)))));
0.0002497502 (((1,((5,6),(((14,13),9),((19,20),7)))),(12,11)),(((((17,15),16),2),(((8,((23,24),21)),(4,3)),25)),((18,22),10)));
0.0002497502 (((((5,6),(((19,20),7),((14,13),9))),((((((23,24),(8,21)),(4,3)),25),((16,(17,15)),2)),(10,(22,18)))),(12,11)),1);
0.0002497502 (1,((((5,6),((7,(9,(14,13))),(19,20))),(((22,18),10),((25,((8,(21,(23,24))),(4,3))),((16,(17,15)),2)))),(11,12)));
0.0002497502 (1,((11,12),(((5,6),(7,((9,(14,13)),(19,20)))),(((((17,15),16),2),(((8,((24,23),21)),(4,3)),25)),(10,(18,22))))));
0.0002497502 ((((22,18),10),((25,(((21,(24,23)),8),(4,3))),(((15,17),16),2))),((1,(11,12)),((5,6),(((20,19),(9,(14,13))),7))));
0.0002497502 (1,((((5,6),(((14,13),9),((19,20),7))),(11,12)),((((16,(15,17)),2),((8,((24,23),21)),(4,3))),(25,(10,(22,18))))));
0.0002497502 (1,((((5,6),(((14,13),9),((19,20),7))),((((((15,17),16),2),25),((8,((23,24),21)),(4,3))),((10,22),18))),(12,11)));
0.0002497502 (((((5,6),((7,(19,20)),((14,13),9))),((((8,((23,24),21)),(4,3)),(25,(((17,15),16),2))),(22,(18,10)))),(12,11)),1);
0.0002497502 (((((5,6),(((14,13),9),((19,20),7))),((((8,(21,(23,24))),(4,3)),((((16,17),15),2),25)),((22,18),10))),(11,12)),1);
0.0002497502 (((5,6),(((19,20),7),(9,(14,13)))),(((((((17,15),16),2),((8,((24,23),21)),(4,3))),(25,((18,22),10))),(11,12)),1));
0.0002497502 (((1,(12,11)),(((10,18),22),(((16,(17,15)),2),(((8,((23,24),21)),(4,3)),25)))),((5,6),(((14,13),9),(7,(19,20)))));
0.0002497502 (((((((8,((23,24),21)),(4,3)),25),(((15,17),16),2)),(18,(22,10))),(1,(12,11))),((5,6),(((14,13),9),((19,20),7))));
0.0002497502 ((10,(18,22)),((((5,6),(((14,13),9),(7,(20,19)))),(1,(11,12))),((25,(((21,(24,23)),8),(4,3))),((16,(17,15)),2))));
0.0002497502 ((11,12),(((((22,10),18),((25,((8,((24,23),21)),(4,3))),(((17,15),16),2))),((5,6),((7,(19,20)),(9,(14,13))))),1));
0.0002497502 (((5,6),(((7,(20,19)),(14,13)),9)),(((((((21,(24,23)),8),(4,3)),25),(((17,15),16),2)),((18,22),10)),((11,12),1)));
0.0002497502 ((((5,6),((14,13),(7,((19,20),9)))),((((16,(15,17)),2),(((((23,24),21),8),(4,3)),25)),((22,18),10))),((11,12),1));
0.0002497502 (((11,12),(((5,6),((7,(9,(14,13))),(19,20))),((((((15,17),16),2),((8,((24,23),21)),(4,3))),25),(18,(10,22))))),1);
0.0002497502 (((12,11),(((25,(18,(10,22))),(((8,((23,24),21)),(4,3)),((16,(17,15)),2))),((5,6),(((14,13),9),(7,(19,20)))))),1);
0.0002497502 (1,((((5,6),((9,(14,13)),(7,(19,20)))),(((18,22),10),(25,((((23,24),(8,21)),(4,3)),(((16,17),15),2))))),(12,11)));
0.0002497502 (((((5,6),((14,13),(((19,20),7),9))),((25,((((16,17),15),2),((8,((24,23),21)),(4,3)))),(10,(22,18)))),(11,12)),1);
0.0002497502 (((((25,(10,(22,18))),(((15,(16,17)),2),(((21,(24,23)),8),(4,3)))),((5,6),(((20,19),7),(9,(14,13))))),(11,12)),1);
0.0002497502 (((((5,6),(((14,13),9),(7,(20,19)))),(11,12)),1),((25,((((16,17),15),2),(((21,(24,23)),8),(4,3)))),(10,(22,18))));
0.0002497502 (((11,12),(((5,6),((9,(7,(19,20))),(14,13))),((22,(18,10)),(((((17,15),16),2),((8,((24,23),21)),(4,3))),25)))),1);
0.0002497502 (((((((((17,15),16),2),((8,((23,24),21)),(4,3))),25),(22,(10,18))),((5,6),((((14,13),9),7),(19,20)))),(12,11)),1);
0.0002497502 ((((5,6),((9,(14,13)),((19,20),7))),(1,(12,11))),(((((16,(17,15)),2),25),((8,((23,24),21)),(4,3))),((10,22),18)));
0.0002497502 (((11,12),1),(((5,6),(9,((7,(19,20)),(14,13)))),(((18,22),10),((((17,16),15),2),(25,((((23,24),21),8),(4,3)))))));
0.0002497502 (((((10,22),18),((((17,15),16),2),(25,((8,(21,(23,24))),(4,3))))),((5,6),(9,(((19,20),7),(14,13))))),((11,12),1));
0.0002497502 (((1,((5,6),(((20,19),7),((14,13),9)))),(11,12)),((25,(((16,(17,15)),2),(((21,(24,23)),8),(4,3)))),(22,(18,10))));
0.0002497502 ((1,(11,12)),(((5,6),((7,(19,20)),(9,(14,13)))),(((((8,(21,(23,24))),(4,3)),25),((17,(16,15)),2)),((18,10),22))));
0.0002497502 (1,((((5,6),(7,((9,(14,13)),(19,20)))),((((8,((23,24),21)),(4,3)),(((15,17),16),2)),(25,((22,18),10)))),(12,11)));
0.0002497502 (((1,((12,11),((5,6),((7,(19,20)),(9,(14,13)))))),((22,18),10)),((((8,((23,24),21)),(4,3)),((16,(15,17)),2)),25));
0.0002497502 (((25,(((16,(15,17)),2),((8,((23,24),21)),(4,3)))),(10,(22,18))),(1,(((5,6),((19,20),(7,(9,(14,13))))),(12,11))));
0.0002497502 ((1,(((5,6),(7,(((14,13),9),(19,20)))),(11,12))),((((((17,15),16),2),((8,((24,23),21)),(4,3))),25),(10,(18,22))));
0.0002497502 ((1,((10,(22,18)),(25,((((17,15),16),2),((8,((24,23),21)),(4,3)))))),((11,12),((5,6),(((14,13),((19,20),7)),9))));
0.0002497502 ((((22,(10,18)),((((8,((23,24),21)),(4,3)),25),(((15,17),16),2))),((5,6),(7,((19,20),((14,13),9))))),(1,(12,11)));
0.0002497502 ((((22,(10,18)),((25,((8,((23,24),21)),(4,3))),(((15,17),16),2))),((5,6),(((14,13),(7,(19,20))),9))),(1,(12,11)));
0.0002497502 (((11,12),1),((((22,18),10),(((17,(16,15)),2),((((21,(24,23)),8),(4,3)),25))),((5,6),(9,(((20,19),7),(14,13))))));
0.0002497502 (((((((24,23),(8,21)),(4,3)),(((15,16),17),2)),25),((22,18),10)),(((5,6),(((19,20),7),(9,(14,13)))),(1,(11,12))));
0.0002497502 (((((5,6),((9,(7,(20,19))),(14,13))),((11,12),1)),(25,((((21,(24,23)),8),(4,3)),(((17,15),16),2)))),(10,(18,22)));
0.0002497502 ((((((21,(24,23)),8),(4,3)),(((16,17),15),2)),25),((((11,12),1),((5,6),(((14,13),9),(7,(20,19))))),((18,22),10)));
0.0002497502 ((((((8,((24,23),21)),(4,3)),(((17,15),16),2)),25),((1,(11,12)),((5,6),((9,(14,13)),((19,20),7))))),(18,(10,22)));
0.0002497502 (((((18,22),10),((((17,15),16),2),((8,((23,24),21)),(4,3)))),(((5,6),(((14,13),9),(7,(19,20)))),(1,(12,11)))),25);
0.0002497502 (((10,(18,22)),((((16,(15,17)),2),((8,((23,24),21)),(4,3))),((1,(12,11)),((5,6),(((19,20),7),((14,13),9)))))),25);
0.0002497502 ((((16,(15,17)),2),((8,((24,23),21)),(4,3))),(25,((10,(22,18)),(((5,6),(((14,13),9),((19,20),7))),((11,12),1)))));
0.0002497502 ((((10,18),22),(((5,6),((9,(14,13)),(7,(19,20)))),((12,11),1))),(25,((((15,17),16),2),((8,((23,24),21)),(4,3)))));
0.0002497502 (((10,(18,22)),(((11,12),1),((5,6),(((14,13),((19,20),7)),9)))),(25,((((15,17),16),2),((((23,24),21),8),(4,3)))));
0.0002497502 (((1,(11,12)),((5,6),((9,(14,13)),(7,(20,19))))),((18,(22,10)),(25,((((21,(24,23)),8),(4,3)),(((16,17),15),2)))));
0.0002497502 ((((12,11),1),((5,6),(((19,20),((14,13),9)),7))),(((18,22),10),(25,(((8,((23,24),21)),(4,3)),((15,(17,16)),2)))));
0.0002497502 (((10,(22,18)),(25,((((17,16),15),2),((8,((24,23),21)),(4,3))))),((1,(11,12)),((5,6),((7,(9,(14,13))),(19,20)))));
0.0002497502 ((((((16,(17,15)),2),((8,((23,24),21)),(4,3))),25),(10,(22,18))),(((12,11),1),((5,6),(9,((19,20),((14,13),7))))));
0.0002497502 (((25,((((15,17),16),2),((8,((24,23),21)),(4,3)))),((22,10),18)),(((5,6),((((14,13),9),7),(19,20))),(1,(11,12))));
0.0002497502 ((((10,18),22),(25,(((((23,24),21),8),(4,3)),(((17,15),16),2)))),(((5,6),((14,13),(9,(7,(19,20))))),((11,12),1)));
0.0002497502 ((((5,6),(7,((19,20),(9,(14,13))))),((11,12),1)),(((10,22),18),(25,(((16,(17,15)),2),((8,((24,23),21)),(4,3))))));
0.0002497502 (((25,(10,(18,22))),((((17,15),16),2),((8,((24,23),21)),(4,3)))),(((11,12),1),((5,6),((((14,13),9),7),(19,20)))));
0.0002497502 (((1,(12,11)),((5,6),(((19,20),7),((14,13),9)))),((25,(22,(10,18))),((((17,15),16),2),((8,((23,24),21)),(4,3)))));
0.0002497502 ((1,(11,12)),((((25,(((16,15),17),2)),((8,((24,23),21)),(4,3))),(10,(22,18))),((5,6),(9,((14,13),((19,20),7))))));
0.0002497502 (((5,6),(((14,13),9),(7,(19,20)))),(((25,(((8,((24,23),21)),(4,3)),(((16,17),15),2))),((18,10),22)),(1,(11,12))));
0.0002497502 (((((18,22),10),(25,(((15,(16,17)),2),(((24,23),(8,21)),(4,3))))),(1,(11,12))),((5,6),(((19,20),7),((14,13),9))));
0.0002497502 (((((5,6),((9,(14,13)),((20,19),7))),((18,(22,10)),(((((21,(24,23)),8),(4,3)),((17,(16,15)),2)),25))),1),(11,12));
0.0002497502 (((1,(12,11)),((((((15,17),16),2),((8,((23,24),21)),(4,3))),25),(22,(18,10)))),((5,6),(((19,20),(9,(14,13))),7)));
0.0002497502 (((5,6),(((14,13),((19,20),9)),7)),(((10,(18,22)),(((((15,17),16),2),((8,((24,23),21)),(4,3))),25)),((11,12),1)));
0.0002497502 (((((25,(((8,((23,24),21)),(4,3)),(((17,15),16),2))),(18,(10,22))),((5,6),(((19,20),(9,(14,13))),7))),1),(12,11));
0.0002497502 ((1,(11,12)),(((5,6),(9,((7,(19,20)),(14,13)))),((((8,((24,23),21)),(4,3)),((((15,17),16),2),25)),(22,(10,18)))));
0.0002497502 (((12,11),1),(((5,6),((7,((14,13),(19,20))),9)),((25,(((16,(17,15)),2),((8,((23,24),21)),(4,3)))),((10,18),22))));
0.0002497502 ((((25,((((15,16),17),2),(((23,24),(21,8)),(4,3)))),((18,22),10)),((5,6),((7,(9,(14,13))),(19,20)))),((11,12),1));
0.0002497502 ((((25,((((16,17),15),2),((((23,24),21),8),(4,3)))),((10,18),22)),((5,6),((((19,20),7),(14,13)),9))),(1,(11,12)));
0.0002497502 ((((25,((((24,23),(8,21)),(4,3)),((16,(15,17)),2))),((18,10),22)),((5,6),(9,((14,13),(7,(19,20)))))),((11,12),1));
0.0002497502 ((((5,6),(9,(((19,20),7),(14,13)))),((((8,((24,23),21)),(4,3)),(((15,17),16),2)),(((10,18),22),25))),(1,(11,12)));
0.0002497502 ((1,(11,12)),(((5,6),((((19,20),9),(14,13)),7)),((18,(10,22)),(((((17,15),16),2),((((23,24),21),8),(4,3))),25))));
0.0002497502 ((1,(11,12)),(((((((21,(24,23)),8),(4,3)),(((16,17),15),2)),25),((22,10),18)),((5,6),(((14,13),(7,(20,19))),9))));
0.0002497502 ((((25,((10,22),18)),(((8,(21,(23,24))),(4,3)),(((15,17),16),2))),((5,6),((((19,20),7),(14,13)),9))),(1,(11,12)));
0.0002497502 ((((5,6),(((7,(14,13)),(20,19)),9)),((25,((((21,(24,23)),8),(4,3)),((17,(16,15)),2))),((22,18),10))),((11,12),1));
0.0002497502 ((((((8,((24,23),21)),(4,3)),(((15,17),16),2)),(25,(10,(18,22)))),((5,6),((7,(9,(19,20))),(14,13)))),(1,(11,12)));
0.0002497502 ((((5,6),(7,((14,13),(9,(19,20))))),(((22,18),10),(25,((((16,15),17),2),((((23,24),21),8),(4,3)))))),((11,12),1));
0.0002497502 (((((22,18),10),(25,((((16,15),17),2),((((23,24),21),8),(4,3))))),((5,6),(((14,13),7),((19,20),9)))),(1,(11,12)));
0.0002497502 ((1,(((((15,17),16),2),(25,((8,((24,23),21)),(4,3)))),(22,(10,18)))),((11,12),((5,6),((9,(14,13)),((19,20),7)))));
0.0002497502 (((((5,6),((7,(9,(14,13))),(19,20))),(((25,((8,((24,23),21)),(4,3))),(((15,17),16),2)),((18,10),22))),(11,12)),1);
0.0002497502 (((12,11),(((5,6),((((14,13),9),(19,20)),7)),(((18,10),22),((25,((8,((23,24),21)),(4,3))),(((15,17),16),2))))),1);
0.0002497502 (1,((((5,6),((7,(19,20)),((14,13),9))),(12,11)),(((22,10),18),((25,((16,(15,17)),2)),((8,((23,24),21)),(4,3))))));
0.0002497502 (1,(((11,12),((5,6),(7,((19,20),((14,13),9))))),(((((17,15),16),2),(25,((8,((24,23),21)),(4,3)))),(10,(18,22)))));
0.0002497502 ((((18,10),22),((((17,15),16),2),(25,((8,((23,24),21)),(4,3))))),((1,((5,6),((9,(14,13)),(7,(19,20))))),(12,11)));
0.0002497502 ((((12,11),(((10,18),22),((((8,((23,24),21)),(4,3)),25),((16,(17,15)),2)))),1),((5,6),((9,(14,13)),((19,20),7))));
0.0002497502 (((((5,6),((9,(14,13)),((19,20),7))),(12,11)),((((8,((23,24),21)),(4,3)),((16,(17,15)),2)),((18,(22,10)),25))),1);
0.0002497502 (1,(((12,11),((5,6),(((9,(14,13)),(19,20)),7))),(((((8,((23,24),21)),(4,3)),((16,(15,17)),2)),25),((22,10),18))));
0.0002497502 ((((11,12),((5,6),((((14,13),9),7),(20,19)))),(((22,10),18),(25,((((21,(24,23)),8),(4,3)),((16,(17,15)),2))))),1);
0.0002497502 (1,(((5,6),((7,(19,20)),((14,13),9))),((12,11),((25,((((23,24),(8,21)),(4,3)),((16,(15,17)),2))),((18,10),22)))));
0.0002497502 ((((11,12),((((((21,(24,23)),8),(4,3)),((16,(15,17)),2)),25),(22,(18,10)))),((5,6),(9,((14,13),((20,19),7))))),1);
0.0002497502 ((((10,18),22),(25,(((8,((24,23),21)),(4,3)),(((16,15),17),2)))),(1,((11,12),((5,6),(((19,20),7),((14,13),9))))));
0.0002497502 (((((18,10),22),((((8,((24,23),21)),(4,3)),((16,(17,15)),2)),25)),1),(((5,6),(9,(((19,20),7),(14,13)))),(11,12)));
0.0002497502 (1,(((11,12),((5,6),(((19,20),7),(9,(14,13))))),(((25,(((17,16),15),2)),((8,(21,(23,24))),(4,3))),((18,22),10))));
0.0002497502 (1,((11,12),(((5,6),(((19,20),((14,13),9)),7)),((18,(10,22)),((((17,15),16),2),(((8,(21,(23,24))),(4,3)),25))))));
0.0002497502 ((((25,((8,((23,24),21)),(4,3))),(((15,17),16),2)),((10,22),18)),((1,((5,6),(((19,20),7),(9,(14,13))))),(12,11)));
0.0002497502 (1,((((18,22),10),(((8,((23,24),21)),(4,3)),(25,(((17,15),16),2)))),(((5,6),(((7,(19,20)),(14,13)),9)),(12,11))));
0.0002497502 (1,((((((16,(17,15)),2),(25,((8,((23,24),21)),(4,3)))),(10,(18,22))),(12,11)),((5,6),(9,((14,13),(7,(19,20)))))));
0.0002497502 (((((5,6),(((9,(14,13)),(19,20)),7)),(12,11)),1),((10,(18,22)),((25,((8,((23,24),21)),(4,3))),((16,(15,17)),2))));
0.0002497502 (((10,(22,18)),((25,((8,((24,23),21)),(4,3))),(((17,15),16),2))),(((11,12),((5,6),(((9,(14,13)),7),(19,20)))),1));
0.0002497502 ((1,((11,12),((5,6),((9,(14,13)),((19,20),7))))),(((22,18),10),((((8,(21,(23,24))),(4,3)),25),(((16,17),15),2))));
0.0002497502 (((12,11),((((18,10),22),(((8,((23,24),21)),(4,3)),((((17,15),16),2),25))),((5,6),((19,20),(((14,13),9),7))))),1);
0.0002497502 (((((5,6),((9,(14,13)),(7,(19,20)))),(((10,18),22),((((23,24),(8,21)),(4,3)),(((16,(17,15)),2),25)))),(12,11)),1);
0.0002497502 ((((((8,((23,24),21)),(4,3)),25),(((15,17),16),2)),(22,(18,10))),(((5,6),((7,(9,(14,13))),(19,20))),((12,11),1)));
0.0002497502 ((((11,12),1),(((18,10),22),((((8,(21,(23,24))),(4,3)),25),(((15,17),16),2)))),((5,6),(9,((14,13),((19,20),7)))));
0.0002497502 (((25,((8,((23,24),21)),(4,3))),((16,(17,15)),2)),(((10,18),22),(((12,11),1),((5,6),(((19,20),7),((14,13),9))))));
0.0002497502 ((((5,6),(((14,13),9),(7,(19,20)))),((11,12),1)),((((16,(17,15)),2),(25,(((24,23),(8,21)),(4,3)))),(22,(18,10))));
0.0002497502 ((((5,6),(((20,19),7),((14,13),9))),((((((21,8),(24,23)),(4,3)),25),((15,(16,17)),2)),(22,(18,10)))),(1,(11,12)));
0.0002497502 (((((5,6),(9,(7,((20,19),(14,13))))),(((22,18),10),((((17,15),16),2),((((21,(24,23)),8),(4,3)),25)))),(11,12)),1);
0.0002497502 (1,((((((8,((24,23),21)),(4,3)),(((16,15),17),2)),25),((22,18),10)),(((5,6),((7,(9,(14,13))),(19,20))),(11,12))));
0.0002497502 (1,(((((((16,17),15),2),((8,((24,23),21)),(4,3))),25),(10,(22,18))),((11,12),((5,6),(((9,(14,13)),(19,20)),7)))));
0.0002497502 ((((22,(18,10)),(((((15,17),16),2),((8,((23,24),21)),(4,3))),25)),(1,((5,6),(((14,13),((19,20),7)),9)))),(12,11));
0.0002497502 (((12,11),(1,((5,6),(9,(((19,20),7),(14,13)))))),((((((17,15),16),2),((8,((23,24),21)),(4,3))),25),((18,10),22)));
0.0002497502 (((11,12),(((((((15,17),16),2),(((8,21),(23,24)),(4,3))),25),((10,18),22)),((5,6),(((14,13),((19,20),7)),9)))),1);
0.0002497502 (1,((11,12),(((5,6),(9,((14,13),((19,20),7)))),(((25,(((24,23),(8,21)),(4,3))),((16,(17,15)),2)),(10,(18,22))))));
0.0002497502 (((11,12),(((5,6),(((9,(19,20)),(14,13)),7)),((((16,(15,17)),2),(25,((8,(21,(23,24))),(4,3)))),((22,18),10)))),1);
0.0002497502 ((((12,11),1),((5,6),(((7,(19,20)),(14,13)),9))),((((8,((23,24),21)),(4,3)),(25,((16,(17,15)),2))),(22,(10,18))));
0.0002497502 (((11,12),(((5,6),((19,20),((9,(14,13)),7))),(((((8,(21,(23,24))),(4,3)),((15,(17,16)),2)),25),(22,(18,10))))),1);
0.0002497502 ((((((8,((23,24),21)),(4,3)),(((15,16),17),2)),25),(18,(10,22))),((((5,6),((9,(14,13)),((19,20),7))),(12,11)),1));
0.0002497502 ((((12,11),1),((5,6),((((14,13),9),(19,20)),7))),(((((17,15),16),2),(((8,((23,24),21)),(4,3)),25)),((10,22),18)));
0.0002497502 (1,((11,12),((((25,(((21,8),(24,23)),(4,3))),((17,(15,16)),2)),((22,18),10)),((5,6),((7,(20,19)),((14,13),9))))));
0.0002497502 (((22,(10,18)),(25,((((17,16),15),2),((8,((24,23),21)),(4,3))))),((1,((5,6),(((19,20),7),((14,13),9)))),(11,12)));
0.0002497502 (((16,(15,17)),2),((25,(((21,(24,23)),8),(4,3))),((((5,6),((9,(14,13)),(7,(20,19)))),((11,12),1)),((18,22),10))));
0.0002497502 (1,((11,12),(((25,(((17,(15,16)),2),(((21,(24,23)),8),(4,3)))),((22,10),18)),((5,6),((7,((14,13),9)),(20,19))))));
0.0002497502 (((((5,6),(((14,13),((19,20),7)),9)),((((((15,17),16),2),(((24,23),(8,21)),(4,3))),25),((10,22),18))),(11,12)),1);
0.0002497502 ((((((18,(22,10)),25),(((8,((24,23),21)),(4,3)),(((15,17),16),2))),((5,6),(((7,(19,20)),(14,13)),9))),(11,12)),1);
0.0002497502 (((11,12),(1,((5,6),(((14,13),((19,20),7)),9)))),(((((8,((24,23),21)),(4,3)),(((15,17),16),2)),25),((10,22),18)));
0.0002497502 (1,((11,12),((((((15,(17,16)),2),(((21,(24,23)),8),(4,3))),25),(18,(22,10))),((5,6),(((9,(14,13)),7),(20,19))))));
0.0002497502 (((((18,(10,22)),((((16,(15,17)),2),((8,((24,23),21)),(4,3))),25)),((5,6),(((14,13),7),((19,20),9)))),(11,12)),1);
0.0002497502 (((11,12),(((18,(10,22)),(25,(((8,((24,23),21)),(4,3)),(((15,17),16),2)))),((5,6),(7,(9,((19,20),(14,13))))))),1);
0.0002497502 (1,(((((((17,15),16),2),(((21,(24,23)),8),(4,3))),(((10,22),18),25)),((5,6),((14,13),(9,((20,19),7))))),(11,12)));
0.0002497502 ((((10,(22,18)),((25,((((23,24),21),8),(4,3))),((17,(15,16)),2))),(1,(11,12))),((5,6),(9,((14,13),((19,20),7)))));
0.0002497502 (((((5,6),(9,(((19,20),(14,13)),7))),((25,((((17,15),16),2),((((23,24),21),8),(4,3)))),((10,18),22))),1),(11,12));
0.0002497502 (((((10,(22,18)),(25,((((16,15),17),2),((8,((24,23),21)),(4,3))))),(11,12)),((5,6),((19,20),((9,(14,13)),7)))),1);
0.0002497502 ((((((16,15),17),2),((8,((23,24),21)),(4,3))),25),(((22,18),10),((((5,6),((7,(19,20)),(9,(14,13)))),(12,11)),1)));
0.0002497502 (((((10,18),22),(25,(((16,(15,17)),2),(((24,23),(8,21)),(4,3))))),(1,(11,12))),((5,6),((((19,20),7),(14,13)),9)));
0.0002497502 (((18,10),22),((((5,6),((9,(14,13)),(7,(19,20)))),(1,(11,12))),(25,(((8,((24,23),21)),(4,3)),(((15,16),17),2)))));
0.0002497502 ((1,((11,12),((5,6),((((19,20),7),(14,13)),9)))),((10,(22,18)),(25,(((16,(15,17)),2),(((24,23),(8,21)),(4,3))))));
0.0002497502 (((22,(10,18)),(((5,6),(((14,13),((20,19),7)),9)),(1,(11,12)))),(((((15,17),16),2),(((21,(24,23)),8),(4,3))),25));
0.0002497502 (((10,(18,22)),((1,(12,11)),((5,6),((((19,20),7),(14,13)),9)))),(((16,(15,17)),2),(((8,((23,24),21)),(4,3)),25)));
0.0002497502 ((((12,11),1),(((25,((8,((23,24),21)),(4,3))),((16,(17,15)),2)),(10,(22,18)))),((5,6),((((14,13),(19,20)),7),9)));
0.0002497502 ((((((8,((24,23),21)),(4,3)),25),((17,(16,15)),2)),(10,(18,22))),((1,(11,12)),((5,6),((((14,13),9),(19,20)),7))));
0.0002497502 (((((15,(17,16)),2),(((21,(24,23)),8),(4,3))),25),((((5,6),(((14,13),9),(7,(20,19)))),((11,12),1)),(22,(18,10))));
0.0002497502 (((1,(11,12)),((5,6),((((14,13),9),(19,20)),7))),(((25,(((15,17),16),2)),((((23,24),21),8),(4,3))),((10,22),18)));
0.0002497502 (((1,(11,12)),((25,(((8,((24,23),21)),(4,3)),((16,(15,17)),2))),((10,18),22))),((5,6),((9,((14,13),(19,20))),7)));
0.0002497502 (((((((((23,24),21),8),(4,3)),((16,(17,15)),2)),25),((10,18),22)),(1,(11,12))),((5,6),((14,13),((9,(19,20)),7))));
0.0002497502 (((25,(((((23,24),21),8),(4,3)),(((17,16),15),2))),(22,(18,10))),(((11,12),1),((5,6),(((9,(14,13)),7),(19,20)))));
0.0002497502 (((11,12),((5,6),((14,13),(((19,20),9),7)))),(((10,(18,22)),((((8,((24,23),21)),(4,3)),((16,(15,17)),2)),25)),1));
0.0002497502 (((((5,6),(7,((19,20),((14,13),9)))),(11,12)),1),((25,(((8,((24,23),21)),(4,3)),((15,(17,16)),2))),((18,22),10)));
0.0002497502 (((25,((((23,24),(8,21)),(4,3)),((16,(17,15)),2))),(22,(10,18))),(((5,6),((7,((14,13),9)),(19,20))),(1,(12,11))));
0.0002497502 (((((((23,24),(8,21)),(4,3)),((16,(15,17)),2)),25),((10,18),22)),(((5,6),(7,((19,20),(9,(14,13))))),((12,11),1)));
0.0002497502 (((22,(10,18)),(((12,11),1),((5,6),((7,((14,13),9)),(19,20))))),(25,(((8,((23,24),21)),(4,3)),(((17,15),16),2))));
0.0002497502 (((((8,((23,24),21)),(4,3)),(((15,17),16),2)),25),((1,((12,11),((5,6),(((9,(14,13)),7),(19,20))))),(10,(18,22))));
0.0002497502 (((10,(22,18)),(((16,(17,15)),2),(((8,((24,23),21)),(4,3)),25))),(((11,12),1),((5,6),((9,(19,20)),((14,13),7)))));
0.0002497502 (((5,6),(((14,13),7),((19,20),9))),((((((15,17),16),2),(((8,(21,(23,24))),(4,3)),25)),(10,(18,22))),(1,(11,12))));
0.0002497502 ((18,(10,22)),(((((16,(17,15)),2),(((23,24),(8,21)),(4,3))),25),((1,(12,11)),((5,6),((9,(14,13)),((19,20),7))))));
0.0002497502 (((((17,(15,16)),2),25),((8,((24,23),21)),(4,3))),((((5,6),((7,(19,20)),((14,13),9))),((11,12),1)),((22,18),10)));
0.0002497502 ((((5,6),(7,((14,13),(9,(19,20))))),((11,12),1)),(((10,22),18),((((16,(17,15)),2),((8,((24,23),21)),(4,3))),25)));
0.0002497502 ((((11,12),1),((18,(10,22)),(25,(((8,(21,(23,24))),(4,3)),(((15,16),17),2))))),((5,6),((((19,20),7),(14,13)),9)));
0.0002497502 (((((10,22),18),((((16,(17,15)),2),((8,(21,(23,24))),(4,3))),25)),((11,12),1)),((5,6),((14,13),(((19,20),9),7))));
0.0002497502 (((1,(11,12)),((5,6),(9,(7,((14,13),(19,20)))))),((10,(22,18)),((25,((16,(15,17)),2)),((8,((24,23),21)),(4,3)))));
0.0002497502 (1,((((5,6),(9,(7,((19,20),(14,13))))),((((8,((23,24),21)),(4,3)),(((15,17),16),2)),(25,(10,(22,18))))),(12,11)));
0.0002497502 (1,((((((22,18),10),25),(((8,(21,(23,24))),(4,3)),(((15,16),17),2))),((5,6),(((19,20),((14,13),9)),7))),(11,12)));
0.0002497502 ((1,(11,12)),(((22,(18,10)),(25,(((8,(21,(23,24))),(4,3)),((17,(15,16)),2)))),((5,6),((14,13),((9,(19,20)),7)))));
0.0002497502 ((((22,(18,10)),(25,((((21,(24,23)),8),(4,3)),(((16,17),15),2)))),((5,6),(7,(((20,19),(14,13)),9)))),((11,12),1));
0.0002497502 (((11,12),((((18,22),10),(((((23,24),(21,8)),(4,3)),((16,(15,17)),2)),25)),((5,6),((14,13),(7,((19,20),9)))))),1);
0.0002497502 (((11,12),1),(((5,6),(((14,13),(9,(20,19))),7)),(((22,18),10),((((15,16),17),2),((((21,(24,23)),8),(4,3)),25)))));
0.0002497502 (((((5,6),((7,((19,20),9)),(14,13))),((25,(((((23,24),21),8),(4,3)),((15,(17,16)),2))),(10,(22,18)))),(11,12)),1);
0.0002497502 (1,((((5,6),(9,(((19,20),7),(14,13)))),(((((17,(15,16)),2),(((24,23),(8,21)),(4,3))),25),((18,22),10))),(11,12)));
0.0002497502 (((22,18),10),(((1,(11,12)),((5,6),((14,13),(((20,19),9),7)))),(((((21,(24,23)),8),(4,3)),(((17,15),16),2)),25)));
0.0002497502 ((25,((((21,(24,23)),8),(4,3)),(((15,17),16),2))),((((5,6),((9,(20,19)),(7,(14,13)))),(1,(11,12))),(10,(18,22))));
0.0002497502 (((10,(22,18)),(((5,6),((7,((20,19),(14,13))),9)),(1,(11,12)))),(((((15,17),16),2),(((21,(24,23)),8),(4,3))),25));
0.0002497502 ((10,(18,22)),((((12,11),1),((5,6),(9,(((19,20),(14,13)),7)))),(25,(((8,((23,24),21)),(4,3)),((16,(17,15)),2)))));
0.0002497502 (((5,6),((14,13),((9,(19,20)),7))),(((12,11),1),((10,(18,22)),(25,(((8,((23,24),21)),(4,3)),((17,(16,15)),2))))));
0.0002497502 ((((5,6),(((19,20),9),(7,(14,13)))),((11,12),1)),((((8,(21,(23,24))),(4,3)),((16,(15,17)),2)),(25,((18,22),10))));
0.0002497502 ((((5,6),(((14,13),(9,(20,19))),7)),((11,12),1)),((10,(22,18)),(25,((((21,(24,23)),8),(4,3)),((15,(16,17)),2)))));
0.0002497502 (25,((((8,((23,24),21)),(4,3)),(((17,15),16),2)),((((12,11),1),((5,6),((19,20),(((14,13),9),7)))),((22,18),10))));
0.0002497502 (25,((((15,(16,17)),2),(((21,(24,23)),8),(4,3))),(((1,(11,12)),((5,6),((9,(14,13)),((20,19),7)))),((22,18),10))));
0.0002497502 (((1,(11,12)),((5,6),((((14,13),(19,20)),9),7))),((25,((((15,16),17),2),((((23,24),21),8),(4,3)))),((18,22),10)));
0.0002497502 (((25,(((8,((24,23),21)),(4,3)),(((16,15),17),2))),((22,18),10)),(((11,12),1),((5,6),(((19,20),(14,13)),(7,9)))));
0.0002497502 ((((11,12),1),((5,6),(9,(7,((14,13),(19,20)))))),((10,(22,18)),(25,(((15,(17,16)),2),((8,((24,23),21)),(4,3))))));
0.0002497502 ((((((17,15),16),2),((8,((24,23),21)),(4,3))),(25,((18,22),10))),((1,(11,12)),((5,6),(9,(((14,13),(19,20)),7)))));
0.0002497502 ((((((18,22),10),(25,(((17,(15,16)),2),((8,(21,(23,24))),(4,3))))),((5,6),((7,(9,(19,20))),(14,13)))),1),(11,12));
0.0002497502 (((25,((((23,24),(8,21)),(4,3)),((17,(16,15)),2))),((18,22),10)),(((12,11),1),((5,6),((7,((14,13),9)),(19,20)))));
0.0002497502 ((((5,6),((((14,13),(19,20)),7),9)),((((((17,16),15),2),((8,((24,23),21)),(4,3))),25),(18,(10,22)))),((11,12),1));
0.0002497502 (((((25,(((17,(16,15)),2),(((21,(24,23)),8),(4,3)))),(10,(18,22))),((5,6),(7,(((20,19),(14,13)),9)))),1),(11,12));
0.0002497502 (((1,(11,12)),((5,6),(((14,13),9),(7,(20,19))))),(((((21,8),(24,23)),(4,3)),((17,(16,15)),2)),(25,(10,(18,22)))));
0.0002497502 (((((((8,((23,24),21)),(4,3)),25),((16,(17,15)),2)),((18,10),22)),(((5,6),(9,((14,13),((19,20),7)))),1)),(12,11));
0.0002497502 ((25,((10,(22,18)),((1,(12,11)),((5,6),(((19,20),(9,(14,13))),7))))),(((16,(15,17)),2),(((23,24),(8,21)),(4,3))));
0.0002497502 ((((25,((8,((24,23),21)),(4,3))),((16,(17,15)),2)),((18,10),22)),(1,(((5,6),(9,(((19,20),7),(14,13)))),(11,12))));
0.0002497502 (1,(((((25,((8,((24,23),21)),(4,3))),(((15,17),16),2)),((10,22),18)),(11,12)),((5,6),(9,((7,(19,20)),(14,13))))));
0.0002497502 (1,(((((((8,((24,23),21)),(4,3)),25),(((17,15),16),2)),((10,18),22)),((5,6),(9,((19,20),(7,(14,13)))))),(11,12)));
0.0002497502 (((10,18),22),((((((21,(24,23)),8),(4,3)),25),(((17,15),16),2)),(((11,12),1),((5,6),((((20,19),7),(14,13)),9)))));
0.0002497502 (((22,(18,10)),(((16,(15,17)),2),(25,(((21,8),(24,23)),(4,3))))),((1,(11,12)),((5,6),(((7,(20,19)),(14,13)),9))));
0.0002497502 ((((((16,15),17),2),(25,(((21,(24,23)),8),(4,3)))),((18,10),22)),(1,(((5,6),((7,(20,19)),(9,(14,13)))),(11,12))));
0.0002497502 ((((11,12),((5,6),(9,((14,13),(7,(19,20)))))),1),(((((16,17),15),2),(25,((8,(21,(23,24))),(4,3)))),(10,(22,18))));
0.0002497502 ((((11,12),((5,6),((((19,20),7),(14,13)),9))),1),(((18,10),22),(25,(((15,(17,16)),2),((8,((24,23),21)),(4,3))))));
0.0002497502 ((((5,6),(((14,13),(7,(19,20))),9)),((11,12),1)),(((25,((8,(21,(23,24))),(4,3))),(((17,16),15),2)),(18,(22,10))));
0.0002497502 (1,(((11,12),((5,6),(7,((9,(14,13)),(19,20))))),((((16,(15,17)),2),(25,((8,((24,23),21)),(4,3)))),((10,18),22))));
0.0002497502 (((((5,6),(((9,(14,13)),7),(20,19))),(11,12)),(((10,18),22),(((((21,(24,23)),8),(4,3)),25),(((17,15),16),2)))),1);
0.0002497502 ((((22,18),10),((25,((8,((23,24),21)),(4,3))),(((15,17),16),2))),(1,(((5,6),((((14,13),(19,20)),7),9)),(12,11))));
0.0002497502 (((((5,6),(((7,(20,19)),9),(14,13))),((((17,(15,16)),2),((((21,(24,23)),8),(4,3)),25)),((10,18),22))),(11,12)),1);
0.0002497502 ((((25,((8,((24,23),21)),(4,3))),(((17,15),16),2)),(((11,12),((5,6),(9,((14,13),((19,20),7))))),1)),(10,(22,18)));
0.0002497502 ((1,((11,12),((5,6),(((14,13),(7,(19,20))),9)))),(((25,(((24,23),(8,21)),(4,3))),((16,(17,15)),2)),(10,(18,22))));
0.0002497502 ((1,(((25,(((21,(24,23)),8),(4,3))),((17,(15,16)),2)),(10,(18,22)))),((11,12),((5,6),(((14,13),(7,(20,19))),9))));
0.0002497502 (((1,(11,12)),((5,6),((((19,20),9),7),(14,13)))),((22,(18,10)),((((17,15),16),2),(25,((8,((24,23),21)),(4,3))))));
0.0002497502 ((((10,18),22),(((8,((23,24),21)),(4,3)),(((16,(17,15)),2),25))),(((12,11),1),((5,6),((7,((14,13),(19,20))),9))));
0.0002497502 (((11,12),((5,6),(9,(7,((19,20),(14,13)))))),(1,(((10,18),22),(25,((((15,17),16),2),((((23,24),21),8),(4,3)))))));
0.0002497502 (((((18,10),22),((((16,(17,15)),2),((((23,24),21),8),(4,3))),25)),((11,12),((5,6),(9,((19,20),(7,(14,13))))))),1);
0.0002497502 (1,((25,(((18,10),22),(((8,((24,23),21)),(4,3)),(((15,17),16),2)))),(((5,6),((((19,20),7),(14,13)),9)),(11,12))));
0.0002497502 (1,((((5,6),((7,(14,13)),(9,(19,20)))),(((((15,17),16),2),(25,((8,((24,23),21)),(4,3)))),(22,(10,18)))),(11,12)));
0.0002497502 (1,(((5,6),(9,((14,13),((19,20),7)))),((11,12),(((25,((((23,24),21),8),(4,3))),((17,(16,15)),2)),(10,(22,18))))));
0.0002497502 ((((11,12),((5,6),(9,((14,13),((20,19),7))))),((10,(22,18)),(((16,(15,17)),2),(25,(((21,8),(24,23)),(4,3)))))),1);
0.0002497502 (((12,11),(((5,6),(9,((14,13),(7,(19,20))))),(((22,10),18),((25,(((23,24),(8,21)),(4,3))),(((15,17),16),2))))),1);
0.0002497502 (1,((12,11),((((22,10),18),(((16,(17,15)),2),(((8,((23,24),21)),(4,3)),25))),((5,6),((7,((19,20),(14,13))),9)))));
0.0002497502 ((1,(((5,6),(9,(7,((20,19),(14,13))))),(((((16,15),17),2),((((21,(24,23)),8),(4,3)),25)),((18,22),10)))),(11,12));
0.0002497502 ((11,12),(1,((((10,18),22),(((((21,(24,23)),8),(4,3)),(((16,15),17),2)),25)),((5,6),(9,(((20,19),(14,13)),7))))));
0.0002497502 (1,(((5,6),(((7,(19,20)),(14,13)),9)),(((25,(((((23,24),21),8),(4,3)),(((16,15),17),2))),(18,(10,22))),(11,12))));
0.0002497502 (((18,(22,10)),(((((16,17),15),2),(((21,(24,23)),8),(4,3))),25)),(1,(((5,6),((((20,19),7),(14,13)),9)),(11,12))));
0.0002497502 (1,(((18,(10,22)),(25,((((17,15),16),2),(((23,24),(8,21)),(4,3))))),((12,11),((5,6),(((14,13),((19,20),7)),9)))));
0.0002497502 (1,((((5,6),(9,((14,13),(7,(19,20))))),(11,12)),(25,((18,(10,22)),(((16,(17,15)),2),((8,((24,23),21)),(4,3)))))));
0.0002497502 (1,((((((16,15),17),2),(((8,((24,23),21)),(4,3)),25)),(18,(22,10))),((11,12),((5,6),(((19,20),7),(9,(14,13)))))));
0.0002497502 (1,(((22,(18,10)),((((17,(15,16)),2),(((21,(24,23)),8),(4,3))),25)),(((5,6),((14,13),(9,((20,19),7)))),(11,12))));
0.0002497502 ((((11,12),(((((8,(21,(23,24))),(4,3)),25),((17,(15,16)),2)),((22,10),18))),((5,6),(((19,20),7),(9,(14,13))))),1);
0.0002497502 ((25,(((8,((24,23),21)),(4,3)),(((15,16),17),2))),((((5,6),(9,((14,13),(7,(19,20))))),(1,(11,12))),((18,10),22)));
0.0002497502 (((((5,6),(((14,13),(7,(20,19))),9)),((11,12),1)),(25,((((16,15),17),2),(((21,(24,23)),8),(4,3))))),((10,18),22));
0.0002497502 ((((11,12),1),(((22,(18,10)),25),(((8,((24,23),21)),(4,3)),((17,(15,16)),2)))),((5,6),(((14,13),((19,20),7)),9)));
0.0002497502 (1,((11,12),((((18,10),22),(25,((((21,(24,23)),8),(4,3)),(((16,17),15),2)))),((5,6),(9,(7,((14,13),(20,19))))))));
0.0002497502 (1,((((5,6),((9,((19,20),(14,13))),7)),(12,11)),((25,((((17,15),16),2),((8,((23,24),21)),(4,3)))),(22,(18,10)))));
0.0002497502 (((((5,6),(((7,(19,20)),(14,13)),9)),1),(11,12)),(((((8,((24,23),21)),(4,3)),((17,(15,16)),2)),(10,(22,18))),25));
0.0002497502 (((11,12),(((((((21,(24,23)),8),(4,3)),25),((17,(15,16)),2)),(10,(22,18))),((5,6),(9,((20,19),(7,(14,13))))))),1);
0.0002497502 ((((22,10),18),(((15,(16,17)),2),(((8,(21,(23,24))),(4,3)),25))),(1,((11,12),((5,6),(((14,13),9),((19,20),7))))));
0.0002497502 (1,((((5,6),(((14,13),((19,20),7)),9)),(((25,(((24,23),(8,21)),(4,3))),(((15,16),17),2)),((22,18),10))),(11,12)));
0.0002497502 ((((11,12),((5,6),((7,(20,19)),(9,(14,13))))),((((((16,17),15),2),25),(((21,(24,23)),8),(4,3))),((18,10),22))),1);
0.0002497502 (1,((11,12),(((5,6),((14,13),(7,(9,(19,20))))),(((10,22),18),(((16,(17,15)),2),(25,((8,((24,23),21)),(4,3))))))));
0.0002497502 (((22,(18,10)),((((8,((24,23),21)),(4,3)),(((17,15),16),2)),25)),((((5,6),(((14,13),7),(9,(19,20)))),(11,12)),1));
0.0002497502 ((((10,18),22),(((5,6),(9,((14,13),((20,19),7)))),((11,12),1))),(((((21,(24,23)),8),(4,3)),(((16,17),15),2)),25));
0.0002497502 (1,((11,12),(((18,(10,22)),((((17,15),16),2),((((21,(24,23)),8),(4,3)),25))),((5,6),(((9,(20,19)),(14,13)),7)))));
0.0002497502 (1,(((((16,(17,15)),2),(25,(((21,(24,23)),8),(4,3)))),((18,22),10)),(((5,6),((7,(14,13)),((20,19),9))),(11,12))));
0.0002497502 ((18,(22,10)),(((25,((8,(21,(23,24))),(4,3))),((16,(15,17)),2)),((((5,6),((9,(14,13)),((19,20),7))),(11,12)),1)));
0.0002497502 ((11,12),((((5,6),(((14,13),((19,20),9)),7)),(((((17,(16,15)),2),((((23,24),21),8),(4,3))),25),((10,18),22))),1));
0.0002497502 (1,((11,12),(((((((21,(24,23)),8),(4,3)),25),((17,(15,16)),2)),((18,10),22)),((5,6),((20,19),(7,((14,13),9)))))));
0.0002497502 (((((15,16),17),2),(25,((8,((24,23),21)),(4,3)))),((10,(22,18)),(((5,6),(9,((14,13),(7,(19,20))))),(1,(11,12)))));
0.0002497502 (((11,12),(((5,6),(((7,(14,13)),(19,20)),9)),((25,((10,18),22)),(((8,((24,23),21)),(4,3)),((16,(17,15)),2))))),1);
0.0002497502 (((((5,6),((((19,20),(14,13)),7),9)),(1,(12,11))),(25,((((15,17),16),2),((8,((23,24),21)),(4,3))))),(22,(10,18)));
0.0002497502 ((((((8,((24,23),21)),(4,3)),((16,(15,17)),2)),(((11,12),1),((5,6),(((14,13),(7,(19,20))),9)))),25),((10,18),22));
