0.09665335 (((((17,16),9),((2,24),(((((8,(7,6)),5),4),(((10,11),47),(25,(((32,(26,((33,30),31))),(27,28)),29)))),(15,(13,(14,12)))))),(3,(46,((44,(40,((42,41),((((36,35),34),(37,(38,39))),43)))),(((22,(21,(18,20))),(19,23)),45))))),1);
0.07592408 (((3,(46,((44,(40,((42,41),(43,(((36,35),34),(37,(38,39))))))),(45,((19,23),(((18,20),21),22)))))),(((2,24),(((((8,(7,6)),5),4),(((10,11),47),(25,(((27,28),(32,(26,((31,30),33)))),29)))),(15,(13,(14,12))))),((17,16),9))),1);
0.04295704 (((3,(46,((45,((((18,20),21),22),(23,19))),(44,(((43,(((36,35),34),(37,(38,39)))),(42,41)),40))))),(((2,24),(((((8,(7,6)),5),4),(((10,11),47),(25,(((27,28),((26,((33,31),30)),32)),29)))),(15,(13,(14,12))))),((17,16),9))),1);
0.03596404 (((3,(46,((45,(((((18,20),21),22),23),19)),(44,(((43,(((36,35),34),(37,(38,39)))),(42,41)),40))))),(((17,16),9),((2,24),(((((8,(7,6)),5),4),(((10,11),47),(25,((((26,((30,33),31)),32),(27,28)),29)))),(15,(13,(14,12))))))),1);
0.03521479 (1,((3,(46,(((19,(23,(((18,20),21),22))),45),(44,(((43,(((36,35),34),(37,(38,39)))),(42,41)),40))))),(((2,24),(((((8,(7,6)),5),4),(((10,11),47),(25,(((27,28),(32,(26,((30,31),33)))),29)))),(15,(13,(14,12))))),((17,16),9))));
0.02997003 (((((17,16),9),((2,24),(((((8,(7,6)),5),4),(((10,11),47),(25,((((26,(31,(30,33))),32),(27,28)),29)))),(15,(13,(14,12)))))),(3,(46,((45,(44,(((43,(((36,35),34),(37,(38,39)))),(42,41)),40))),((19,23),(((18,20),21),22)))))),1);
0.02722278 ((((17,16),9),(((2,24),(((((8,(7,6)),5),4),(((10,11),47),(25,(((32,(26,((30,31),33))),(27,28)),29)))),(15,(13,(14,12))))),(3,(46,((44,(40,((43,(((36,35),34),(37,(38,39)))),(42,41)))),(45,((22,(21,(18,20))),(19,23)))))))),1);
0.02522478 (1,((((17,16),9),((2,24),(((((8,(7,6)),5),4),(((10,11),47),(25,(((27,28),(32,(26,((31,30),33)))),29)))),(15,(13,(14,12)))))),(3,(46,((45,(44,(40,((42,41),(43,(((36,35),34),(37,(38,39)))))))),((22,(21,(18,20))),(19,23)))))));
0.02422577 (1,(((17,16),9),((3,(46,((45,((22,((18,20),21)),(23,19))),(44,(40,((43,(((36,35),34),(37,(38,39)))),(42,41))))))),((2,24),(((((8,(7,6)),5),4),(((10,11),47),(25,(((27,28),((26,((33,30),31)),32)),29)))),(15,(13,(14,12))))))));
0.01873127 (((((2,24),(((((8,(7,6)),5),4),(((10,11),47),(25,((((27,28),32),(26,((33,30),31))),29)))),(15,(13,(14,12))))),((17,16),9)),(3,(((44,(40,(((((36,35),34),(37,(38,39))),43),(42,41)))),(45,((((18,20),21),22),(23,19)))),46))),1);
0.01698302 (1,((((17,16),9),((2,24),(((((8,(7,6)),5),4),(((10,11),47),(25,(((32,(27,28)),(26,(33,(31,30)))),29)))),(15,(13,(14,12)))))),(3,(46,((((19,23),(22,(21,(18,20)))),45),(44,(((43,(((36,35),34),(37,(38,39)))),(42,41)),40)))))));
0.01648352 (((3,(46,((44,(40,(((((36,35),34),(37,(38,39))),43),(42,41)))),(45,(19,((((18,20),21),22),23)))))),(((17,16),9),((2,24),(((((8,(7,6)),5),4),(((10,11),47),(25,(((27,28),(32,(26,((33,31),30)))),29)))),(15,(13,(14,12))))))),1);
0.01473526 ((((17,16),9),(((2,24),(((((8,(7,6)),5),4),(((10,11),47),(25,((((26,(30,(33,31))),32),(27,28)),29)))),(15,(13,(14,12))))),(3,(46,((44,(40,((43,(((36,35),34),(37,(38,39)))),(42,41)))),(45,((22,(21,(18,20))),(19,23)))))))),1);
0.01448551 (1,((((2,24),(((((8,(7,6)),5),4),(((10,11),47),(25,((((26,((30,33),31)),32),(27,28)),29)))),(15,(13,(14,12))))),((17,16),9)),(3,(46,((19,((((18,20),21),22),23)),(45,(44,(40,(((((36,35),34),(37,(38,39))),43),(42,41))))))))));
0.01423576 (1,((((2,24),(((((8,(7,6)),5),4),(((10,11),47),(25,(((27,28),(32,(26,((31,33),30)))),29)))),(15,(13,(14,12))))),((17,16),9)),(3,(46,(((44,(40,(((((36,35),34),(37,(38,39))),43),(42,41)))),45),((((18,20),21),22),(19,23)))))));
0.01273726 (1,((3,(46,((19,(23,(22,((18,20),21)))),(45,(44,(((42,41),(43,(((36,35),34),(37,(38,39))))),40)))))),(((17,16),9),((2,24),(((((8,(7,6)),5),4),(((10,11),47),(25,(((32,(26,((31,30),33))),(27,28)),29)))),(15,((14,12),13)))))));
0.01173826 (1,(((3,(46,((44,(((43,(((36,35),34),(37,(38,39)))),(42,41)),40)),(45,(19,(23,(((18,20),21),22))))))),((2,24),(((((8,(7,6)),5),4),(((10,11),47),(25,((((26,((30,33),31)),32),(27,28)),29)))),(15,(13,(14,12)))))),((17,16),9)));
0.01148851 (1,((((2,24),(((((8,(7,6)),5),4),(((10,11),47),(25,(((32,(26,(33,(31,30)))),(27,28)),29)))),(15,(13,(14,12))))),(3,(46,((44,(40,(((((36,35),34),(37,(38,39))),43),(42,41)))),(45,(19,(23,(((18,20),21),22)))))))),((17,16),9)));
0.00999001 (((((2,24),(((((8,(7,6)),5),4),(((10,11),47),(25,(((32,(26,((33,31),30))),(27,28)),29)))),(15,(13,(14,12))))),((17,16),9)),(3,(((45,(44,(40,(((((36,35),34),(37,(38,39))),43),(42,41))))),(19,(23,(22,(21,(18,20)))))),46))),1);
0.00974026 (((((17,16),9),((2,24),(((((8,(7,6)),5),4),(((10,11),47),(25,((((27,28),32),(26,((31,30),33))),29)))),(15,(13,(14,12)))))),(3,(46,(((((((18,20),21),22),23),19),45),(44,(((43,(((36,35),34),(37,(38,39)))),(42,41)),40)))))),1);
0.009240759 (1,((3,(((((((18,20),21),22),(19,23)),45),(44,(40,((42,41),((((36,35),34),(37,(38,39))),43))))),46)),(((17,16),9),((2,24),(((4,((8,(7,6)),5)),(((10,11),47),(25,(((26,((31,33),30)),((27,28),32)),29)))),(15,(13,(12,14))))))));
0.008741259 (((3,(46,((((22,(21,(18,20))),(23,19)),45),(44,(40,(((((36,35),34),(37,(38,39))),43),(42,41))))))),(((17,16),9),((2,24),(((((8,(7,6)),4),5),(((10,11),47),(25,(((32,(26,(31,(30,33)))),(27,28)),29)))),(15,(13,(14,12))))))),1);
0.008491508 ((((3,(46,(((23,19),(22,((18,20),21))),(45,(44,(((42,41),(43,(((36,35),34),(37,(38,39))))),40)))))),((2,24),(((((8,(7,6)),5),4),(((10,11),47),(25,(((32,(26,(33,(31,30)))),(27,28)),29)))),(15,((14,12),13))))),((17,16),9)),1);
0.008241758 (1,((3,(((45,((23,19),(((18,20),21),22))),(44,(((43,(((36,35),34),(37,(38,39)))),(42,41)),40))),46)),(((2,24),(((((8,(7,6)),4),5),(((10,11),47),(25,(((32,(26,((30,31),33))),(27,28)),29)))),(15,(13,(14,12))))),((17,16),9))));
0.007992008 (1,((((2,24),(((((8,(7,6)),5),4),(((10,11),47),(25,((((27,28),32),(26,((33,30),31))),29)))),(15,(13,(14,12))))),((17,16),9)),(3,(46,((45,(44,(((43,(((36,35),34),(37,(38,39)))),(42,41)),40))),((((18,20),21),22),(23,19)))))));
0.006743257 (((3,(46,(((19,((22,((18,20),21)),23)),45),(44,(((42,41),(43,(((36,35),34),(37,(38,39))))),40))))),(((2,24),(((((8,(7,6)),5),4),(((10,11),47),(25,(((26,(31,(33,30))),((27,28),32)),29)))),(15,((14,12),13)))),((17,16),9))),1);
0.006493506 (1,(((17,16),9),(((2,24),(((((8,(7,6)),5),4),(((10,11),47),(25,(((32,(27,28)),(26,((31,30),33))),29)))),(15,(13,(14,12))))),(3,(((45,((23,19),(((18,20),21),22))),(44,(((43,(((36,35),34),(37,(38,39)))),(42,41)),40))),46)))));
0.005994006 (1,((3,(46,(((44,(40,((43,(((36,35),34),(37,(38,39)))),(42,41)))),45),((23,19),(22,((18,20),21)))))),(((17,16),9),((2,24),(((((8,(7,6)),5),4),(((10,11),47),(25,(((26,(33,(30,31))),(32,(27,28))),29)))),(15,(13,(14,12))))))));
0.005994006 (((((2,24),(((((8,(7,6)),5),4),(((10,11),47),(25,(((26,((33,30),31)),(32,(27,28))),29)))),(15,((14,12),13)))),(3,(46,((((22,((18,20),21)),(19,23)),45),(44,((((((36,35),34),(37,(38,39))),43),(42,41)),40)))))),((17,16),9)),1);
0.005744256 ((((17,16),9),(((2,24),(((((8,(7,6)),5),4),(((10,11),47),(25,(((27,28),(32,(26,((31,33),30)))),29)))),(15,(13,(14,12))))),(3,(46,((44,(40,((42,41),(43,(((36,35),34),(37,(38,39))))))),((((((18,20),21),22),23),19),45)))))),1);
0.005494505 (((((2,24),(((((8,(7,6)),5),4),(((10,11),47),(25,((((26,(31,(30,33))),32),(27,28)),29)))),(15,(13,(14,12))))),(3,((((((18,20),21),22),(19,23)),(45,(44,(40,(((((36,35),34),(37,(38,39))),43),(42,41)))))),46))),((17,16),9)),1);
0.005244755 (((((17,16),9),((2,24),(((((8,(7,6)),5),4),(((10,11),47),(25,((((26,((33,30),31)),32),(27,28)),29)))),(15,((14,12),13))))),(3,((45,(((23,19),(22,((18,20),21))),(44,(40,((42,41),((((36,35),34),(37,(38,39))),43)))))),46))),1);
0.004745255 (((3,(((((22,((18,20),21)),(23,19)),45),46),(44,(40,(((((36,35),34),(37,(38,39))),43),(42,41)))))),(((2,24),((((5,(8,(7,6))),4),(((10,11),47),(25,(((27,28),(32,(26,((30,31),33)))),29)))),(15,((14,12),13)))),((17,16),9))),1);
0.004745255 (((((17,16),9),1),((2,24),(((((8,(7,6)),5),4),(((10,11),47),(25,(((32,(26,(31,(33,30)))),(27,28)),29)))),(15,(13,(14,12)))))),(3,(46,((44,(40,((42,41),((((36,35),34),(37,(38,39))),43)))),(45,((22,(21,(18,20))),(19,23)))))));
0.004495504 (1,((((2,24),(((((8,(7,6)),5),4),(((10,11),47),(25,((32,((27,28),(26,((33,30),31)))),29)))),(15,(13,(14,12))))),((17,16),9)),(3,(46,((((((18,20),21),22),(23,19)),45),(44,(((43,(((36,35),34),(37,(38,39)))),(42,41)),40)))))));
0.004495504 (1,((((17,16),9),((2,24),(((((8,(7,6)),5),4),(((10,11),47),(25,(((27,28),(32,(26,((33,30),31)))),29)))),(15,(13,(14,12)))))),(3,(46,(((44,(40,((42,41),(43,(((36,35),34),(37,(38,39))))))),(19,((22,(21,(18,20))),23))),45)))));
0.004245754 (((3,((((44,(40,((43,(((36,35),34),(37,(38,39)))),(42,41)))),((23,19),((21,(18,20)),22))),45),46)),((((((5,(8,(7,6))),4),(((10,11),47),(25,(((32,(26,((30,31),33))),(27,28)),29)))),(15,((14,12),13))),(2,24)),((17,16),9))),1);
0.004245754 (((3,((((23,19),(22,((18,20),21))),(46,45)),(44,(40,((42,41),((((36,35),34),(37,(38,39))),43)))))),(((17,16),9),((2,24),(((4,((8,(7,6)),5)),(((10,11),47),(25,(((27,28),(32,(26,((30,31),33)))),29)))),(15,((12,14),13)))))),1);
0.004245754 ((((17,16),9),(((2,24),(((((8,(7,6)),5),4),(((10,11),47),(25,(((26,(30,(31,33))),(32,(27,28))),29)))),(15,((12,14),13)))),(3,(((((23,19),(22,((18,20),21))),45),(44,(40,((42,41),(43,(((36,35),34),(37,(38,39)))))))),46)))),1);
0.003996004 (1,((((17,16),9),((2,24),(((5,((8,(7,6)),4)),(((10,11),47),(25,(((27,28),((26,((31,33),30)),32)),29)))),(15,((12,14),13))))),(3,(((44,(40,((42,41),(43,(((36,35),34),(37,(38,39))))))),(((((18,20),21),22),(23,19)),45)),46))));
0.003996004 (((((2,24),(((((8,(7,6)),5),4),(((10,11),47),(25,((((26,((31,30),33)),32),(27,28)),29)))),(15,((12,14),13)))),(3,(((45,(44,(40,((42,41),(43,(((36,35),34),(37,(38,39)))))))),((23,(22,((18,20),21))),19)),46))),((17,16),9)),1);
0.003996004 ((((17,16),9),((3,(((45,(44,(40,(((((36,35),34),(37,(38,39))),43),(42,41))))),((23,(22,((18,20),21))),19)),46)),((2,24),(((4,((8,(7,6)),5)),(((10,11),47),(25,((((26,(31,(30,33))),32),(27,28)),29)))),(15,((12,14),13)))))),1);
0.003996004 (((((2,24),(((((8,(7,6)),5),4),(((10,11),47),(25,((((27,28),32),(26,((33,30),31))),29)))),(15,((12,14),13)))),(3,(((45,(19,((22,((18,20),21)),23))),(44,(((42,41),(43,(((36,35),34),(37,(38,39))))),40))),46))),((17,16),9)),1);
0.003746254 (1,(((3,(46,((45,(44,(40,((43,(((36,35),34),(37,(38,39)))),(42,41))))),((22,((18,20),21)),(23,19))))),((2,24),(((((8,(7,6)),5),4),(((10,11),47),(25,((((26,((33,31),30)),32),(27,28)),29)))),(15,(13,(14,12)))))),((17,16),9)));
0.003746254 (1,((((17,16),9),((((4,((8,(7,6)),5)),(((10,11),47),(25,(((26,(33,(30,31))),(32,(27,28))),29)))),(15,((14,12),13))),(2,24))),(3,(46,(((23,(22,(21,(18,20)))),19),((44,(40,((42,41),((((36,35),34),(37,(38,39))),43)))),45))))));
0.003746254 (((((17,16),9),((((((8,(7,6)),5),4),(((10,11),47),(25,((((27,28),32),(26,(31,(33,30)))),29)))),(15,((14,12),13))),(2,24))),(3,((((44,(40,((42,41),(43,(((36,35),34),(37,(38,39))))))),45),(19,(((21,(18,20)),22),23))),46))),1);
0.003496503 ((((17,16),9),((3,(46,((((22,(21,(18,20))),(23,19)),45),(44,(40,(((((36,35),34),(37,(38,39))),43),(42,41))))))),((2,24),(((((8,(7,6)),4),5),(((10,11),47),(25,(((32,(26,(31,(30,33)))),(27,28)),29)))),(15,(13,(14,12))))))),1);
0.003496503 (((((2,24),(((5,(4,(8,(7,6)))),(((10,11),47),(25,(((27,28),(32,(26,((30,33),31)))),29)))),(15,(13,(12,14))))),((17,16),9)),(3,(((44,(((42,41),(43,(((36,35),34),(37,(38,39))))),40)),(45,(19,(23,((21,(18,20)),22))))),46))),1);
0.003246753 (((((17,16),9),((2,24),(((4,(5,(8,(7,6)))),(((10,11),47),(25,((32,((27,28),(26,((31,30),33)))),29)))),(15,(13,(12,14)))))),(3,(((44,(((42,41),(43,(((36,35),34),(37,(38,39))))),40)),(((19,23),(((18,20),21),22)),45)),46))),1);
0.003246753 (((3,(((46,45),(19,(((21,(18,20)),22),23))),(44,(40,((43,(((36,35),34),(37,(38,39)))),(42,41)))))),((((((5,(8,(7,6))),4),(((10,11),47),(25,(((32,(26,((31,30),33))),(27,28)),29)))),(15,((14,12),13))),(2,24)),((17,16),9))),1);
0.003246753 (((((2,24),(((((8,(7,6)),5),4),(((10,11),47),(25,(((27,28),(32,(26,((30,33),31)))),29)))),(15,((12,14),13)))),(3,((44,(40,((42,41),(43,(((36,35),34),(37,(38,39))))))),((45,46),((19,23),(22,((18,20),21))))))),((17,16),9)),1);
0.002997003 (1,((3,(((45,(23,(19,(((18,20),21),22)))),(44,(40,((42,41),(43,(((36,35),34),(37,(38,39)))))))),46)),(((2,24),(((4,((8,(7,6)),5)),(((10,11),47),(25,((((26,((30,31),33)),32),(27,28)),29)))),(15,((12,14),13)))),((17,16),9))));
0.002997003 (((3,(46,((44,(((43,(((36,35),34),(37,(38,39)))),(42,41)),40)),(((23,19),(((18,20),21),22)),45)))),1),(((17,16),9),((2,24),(((((8,(7,6)),5),4),(((10,11),47),(25,((((26,((30,33),31)),32),(27,28)),29)))),(15,(13,(14,12)))))));
0.002997003 (((3,(((44,(40,((42,41),((((36,35),34),(37,(38,39))),43)))),(45,((23,(22,((18,20),21))),19))),46)),(((2,24),((((5,(8,(7,6))),4),(((10,11),47),(25,(((32,(27,28)),(26,(30,(33,31)))),29)))),(15,((14,12),13)))),((17,16),9))),1);
0.002997003 (((((17,16),9),((2,24),(((((8,(7,6)),5),4),(((10,11),47),(25,((32,((27,28),(26,(31,(33,30))))),29)))),(15,(13,(14,12)))))),(3,(46,(((44,(40,((42,41),((((36,35),34),(37,(38,39))),43)))),45),((22,(21,(18,20))),(19,23)))))),1);
0.002747253 ((((17,16),9),(((2,24),(((((8,(7,6)),4),5),(((10,11),47),(25,(((27,28),(32,(26,(33,(31,30))))),29)))),(15,(13,(14,12))))),(3,(46,((((19,23),(((18,20),21),22)),45),(44,(40,((42,41),(43,(((36,35),34),(37,(38,39)))))))))))),1);
0.002747253 ((3,(((44,(((43,(((36,35),34),(37,(38,39)))),(42,41)),40)),(((23,19),(((18,20),21),22)),45)),46)),((((17,16),9),1),((2,24),(((((8,(7,6)),5),4),(((10,11),47),(25,(((27,28),(32,(26,((31,30),33)))),29)))),(15,(13,(14,12)))))));
0.002747253 (((((17,16),9),(((((5,(8,(7,6))),4),(((10,11),47),(25,((((26,((30,33),31)),32),(27,28)),29)))),(15,((14,12),13))),(2,24))),(3,(((45,((23,19),(((18,20),21),22))),46),(44,(40,((43,(((36,35),34),(37,(38,39)))),(42,41))))))),1);
0.002747253 (((3,(46,(45,((44,(40,(((((36,35),34),(37,(38,39))),43),(42,41)))),(19,(23,(((18,20),21),22))))))),(((17,16),9),((2,24),(((((8,(7,6)),5),4),(((10,11),47),(25,(((27,28),((26,(33,(31,30))),32)),29)))),(15,(13,(14,12))))))),1);
0.002747253 (((((17,16),9),((2,24),(((((8,(7,6)),5),4),(((10,11),47),(25,((((27,28),32),(26,((31,33),30))),29)))),(15,((14,12),13))))),(3,(46,(((44,(((43,(((36,35),34),(37,(38,39)))),(42,41)),40)),45),((19,23),(22,((18,20),21))))))),1);
0.002747253 (((3,(46,(((19,23),(((18,20),21),22)),(45,(44,(40,((42,41),(43,(((36,35),34),(37,(38,39))))))))))),(((2,24),(((((8,(7,6)),4),5),(((10,11),47),(25,(((27,28),((26,(31,(33,30))),32)),29)))),(15,(13,(14,12))))),((17,16),9))),1);
0.002497502 ((1,(((2,24),(((4,((8,(7,6)),5)),(((10,11),47),(25,(((32,(26,((30,31),33))),(27,28)),29)))),(15,((14,12),13)))),((17,16),9))),(3,(((44,(40,((42,41),(43,(((36,35),34),(37,(38,39))))))),(45,((23,19),(22,((18,20),21))))),46)));
0.002497502 ((3,(46,((((22,(21,(18,20))),(19,23)),45),(44,(40,((42,41),((((36,35),34),(37,(38,39))),43))))))),((((17,16),9),((2,24),(((((8,(7,6)),5),4),(((10,11),47),(25,(((32,(26,(31,(30,33)))),(27,28)),29)))),(15,(13,(14,12)))))),1));
0.002497502 (((3,(((((19,23),((21,(18,20)),22)),45),(44,(((42,41),(43,(((36,35),34),(37,(38,39))))),40))),46)),(((2,24),(((4,(5,(8,(7,6)))),(((10,11),47),(25,((((27,28),(26,(30,(31,33)))),32),29)))),(15,(13,(12,14))))),((17,16),9))),1);
0.002497502 (((((2,24),(((((8,(7,6)),5),4),(((10,11),47),(25,((((26,((33,30),31)),(27,28)),32),29)))),(15,(13,(14,12))))),((17,16),9)),(3,(((44,(40,(((((36,35),34),(37,(38,39))),43),(42,41)))),(45,(19,(23,(((18,20),21),22))))),46))),1);
0.002497502 (1,((3,((44,((((((36,35),34),(37,(38,39))),43),(42,41)),40)),((45,46),(19,((22,((18,20),21)),23))))),(((2,24),(((((8,(7,6)),5),4),(((10,11),47),(25,((((26,((33,30),31)),32),(27,28)),29)))),(15,((12,14),13)))),((17,16),9))));
0.002497502 (1,(((17,16),9),(((2,24),(((((8,(7,6)),5),4),(((10,11),47),(25,(((27,28),(32,(26,(30,(33,31))))),29)))),(15,((14,12),13)))),(3,((44,(((43,(((36,35),34),(37,(38,39)))),(42,41)),40)),(((22,((18,20),21)),(23,19)),(45,46)))))));
0.002497502 (1,(((17,16),9),(((2,24),(((((8,(7,6)),5),4),(((10,11),47),(25,(((26,(31,(33,30))),(32,(27,28))),29)))),(15,((12,14),13)))),(3,(46,(((22,((18,20),21)),(23,19)),(45,(44,(((42,41),(43,(((36,35),34),(37,(38,39))))),40)))))))));
0.002247752 (((3,(((44,(40,((42,41),(43,(((36,35),34),(37,(38,39))))))),(45,(19,((22,((18,20),21)),23)))),46)),(((17,16),9),((2,24),(((((8,(7,6)),4),5),(((10,11),47),(25,((((26,(33,(31,30))),32),(27,28)),29)))),(15,((12,14),13)))))),1);
0.002247752 (1,((((17,16),9),((2,24),(((5,((8,(7,6)),4)),(((10,11),47),(25,(((32,(26,((31,33),30))),(27,28)),29)))),(15,((12,14),13))))),(3,(((45,(19,(23,(((18,20),21),22)))),(44,(40,((42,41),(43,(((36,35),34),(37,(38,39)))))))),46))));
0.002247752 ((((17,16),9),((3,(((44,((((((36,35),34),(37,(38,39))),43),(42,41)),40)),(45,((19,23),(22,((18,20),21))))),46)),((2,24),(((((8,(7,6)),5),4),(((10,11),47),(25,((((27,28),(26,((30,33),31))),32),29)))),(15,((14,12),13)))))),1);
0.002247752 ((((((((8,(7,6)),5),4),(((10,11),47),(25,(((27,28),(32,(26,(30,(31,33))))),29)))),(15,((14,12),13))),(2,24)),(1,((17,16),9))),(3,(46,((45,((((18,20),21),22),(23,19))),(44,(40,((43,(((36,35),34),(37,(38,39)))),(42,41))))))));
0.002247752 (1,((((17,16),9),((2,24),(((((8,(7,6)),5),4),(((10,11),47),(25,((((26,((31,33),30)),32),(27,28)),29)))),(15,(13,(14,12)))))),(3,((44,(((43,(((36,35),34),(37,(38,39)))),(42,41)),40)),((46,45),((23,19),(((18,20),21),22)))))));
0.002247752 (((3,((((22,((18,20),21)),(23,19)),(45,46)),(44,(40,((43,(((36,35),34),(37,(38,39)))),(42,41)))))),(((2,24),((((5,(8,(7,6))),4),(((10,11),47),(25,(((27,28),((26,(31,(33,30))),32)),29)))),(15,((14,12),13)))),((17,16),9))),1);
0.002247752 (((((2,24),(((((8,(7,6)),5),4),(((10,11),47),(25,(((27,28),(32,(26,(33,(30,31))))),29)))),(15,(13,(14,12))))),(3,((44,(40,((42,41),(43,(((36,35),34),(37,(38,39))))))),(((23,(((18,20),21),22)),19),(46,45))))),((17,16),9)),1);
0.002247752 ((3,(((45,(19,((22,((18,20),21)),23))),(44,(40,((42,41),((((36,35),34),(37,(38,39))),43))))),46)),(((2,24),(((4,(5,(8,(7,6)))),(((10,11),47),(25,((((26,(31,(30,33))),32),(27,28)),29)))),(15,((14,12),13)))),(1,((17,16),9))));
0.002247752 (((((2,24),(((((8,(7,6)),5),4),(((10,11),47),(25,(((27,28),(32,(26,(31,(33,30))))),29)))),(15,(13,(14,12))))),(3,((44,(40,(((((36,35),34),(37,(38,39))),43),(42,41)))),((19,((((18,20),21),22),23)),(46,45))))),((17,16),9)),1);
0.001998002 ((3,(((44,(40,((42,41),((((36,35),34),(37,(38,39))),43)))),(45,(((22,(21,(18,20))),23),19))),46)),((((17,16),9),((((4,((8,(7,6)),5)),(((10,11),47),(25,(((32,(26,((31,30),33))),(27,28)),29)))),(15,((14,12),13))),(2,24))),1));
0.001998002 (((3,(46,(((44,(40,(((((36,35),34),(37,(38,39))),43),(42,41)))),(19,((((18,20),21),22),23))),45))),(((17,16),9),((2,24),(((((8,(7,6)),5),4),(((10,11),47),(25,((((26,((33,31),30)),32),(27,28)),29)))),(15,(13,(14,12))))))),1);
0.001998002 (((((17,16),9),1),((2,24),(((((8,(7,6)),5),4),(((10,11),47),(25,(((32,(26,((30,31),33))),(27,28)),29)))),(15,(13,(14,12)))))),(3,(46,((44,(((43,(((36,35),34),(37,(38,39)))),(42,41)),40)),(((23,(((18,20),21),22)),19),45)))));
0.001998002 (((((17,16),9),((2,24),(((((8,(7,6)),4),5),(((10,11),47),(25,(((26,(30,(33,31))),((27,28),32)),29)))),(15,(13,(14,12)))))),(3,(46,((((22,(21,(18,20))),(19,23)),45),(44,(40,(((((36,35),34),(37,(38,39))),43),(42,41)))))))),1);
0.001998002 (1,((((17,16),9),((2,24),(((((8,(7,6)),5),4),(((10,11),47),(25,(((27,28),(32,(26,(30,(33,31))))),29)))),(15,((14,12),13))))),(3,(((46,45),(19,(23,(22,((18,20),21))))),(44,(((43,(((36,35),34),(37,(38,39)))),(42,41)),40))))));
0.001748252 (((3,(((44,(((43,(((36,35),34),(37,(38,39)))),(42,41)),40)),(((23,19),(((18,20),21),22)),45)),46)),((2,24),(((((8,(7,6)),5),4),(((10,11),47),(25,(((27,28),(32,(26,((31,30),33)))),29)))),(15,(13,(14,12)))))),(((17,16),9),1));
0.001748252 (((((17,16),9),1),(3,(46,((44,(((42,41),(43,(((36,35),34),(37,(38,39))))),40)),(((19,23),(22,((18,20),21))),45))))),((2,24),(((((8,(7,6)),5),4),(((10,11),47),(25,((((26,(33,(30,31))),32),(27,28)),29)))),(15,((12,14),13)))));
0.001748252 (((((2,24),(((((8,(7,6)),5),4),(((10,11),47),(25,((((26,((33,31),30)),32),(27,28)),29)))),(15,((14,12),13)))),((17,16),9)),(3,(46,(45,(((22,((18,20),21)),(19,23)),(44,(((42,41),((((36,35),34),(37,(38,39))),43)),40))))))),1);
0.001748252 ((((17,16),9),((3,(46,((44,(40,(((((36,35),34),(37,(38,39))),43),(42,41)))),(45,((22,(21,(18,20))),(23,19)))))),((2,24),(((((8,(7,6)),4),5),(((10,11),47),(25,(((27,28),((26,(30,(33,31))),32)),29)))),(15,(13,(14,12))))))),1);
0.001748252 ((((((4,((8,(7,6)),5)),(((10,11),47),(25,(((27,28),(32,(26,(30,(33,31))))),29)))),(15,((14,12),13))),(2,24)),(3,(((44,(40,((43,(((36,35),34),(37,(38,39)))),(42,41)))),(((22,(21,(18,20))),(19,23)),45)),46))),(1,((17,16),9)));
0.001748252 (((3,(((44,(((43,(((36,35),34),(37,(38,39)))),(42,41)),40)),(((23,19),(((18,20),21),22)),45)),46)),((2,24),(((((8,(7,6)),5),4),(((10,11),47),(25,(((27,28),(32,(26,(31,(33,30))))),29)))),(15,(13,(14,12)))))),(((17,16),9),1));
0.001748252 (((3,(((44,(40,((42,41),((((36,35),34),(37,(38,39))),43)))),(45,((22,((18,20),21)),(23,19)))),46)),(1,((17,16),9))),((2,24),(((4,(5,(8,(7,6)))),(((10,11),47),(25,(((27,28),((26,((33,30),31)),32)),29)))),(15,(13,(12,14))))));
0.001748252 ((((((23,19),((21,(20,18)),22)),((44,(40,((43,((34,(36,35)),(37,(38,39)))),(41,42)))),45)),46),3),((1,(9,(16,17))),(((15,((14,12),13)),((((10,11),47),(25,(((28,27),(((31,(30,33)),26),32)),29))),(4,((8,(6,7)),5)))),(2,24))));
0.001498501 (1,((((17,16),9),((2,24),(((((8,(7,6)),5),4),(((10,11),47),(25,(((27,28),((26,((31,30),33)),32)),29)))),(15,((12,14),13))))),(3,(((44,(((42,41),40),(43,(((36,35),34),(37,(38,39)))))),(45,((22,((18,20),21)),(19,23)))),46))));
0.001498501 ((((17,16),9),((((((5,(8,(7,6))),4),(((10,11),47),(25,((32,((26,(33,(31,30))),(27,28))),29)))),(15,((14,12),13))),(2,24)),(3,(46,((44,(40,((42,41),((((36,35),34),(37,(38,39))),43)))),((((21,(18,20)),22),(19,23)),45)))))),1);
0.001498501 (((((17,16),9),((2,24),(((((8,(7,6)),5),4),(((10,11),47),(25,((((26,(31,(30,33))),32),(27,28)),29)))),(15,((14,12),13))))),(3,(46,((44,(((42,41),40),((((36,35),34),(37,(38,39))),43))),(45,((22,((18,20),21)),(19,23))))))),1);
0.001498501 (((((2,24),(((((8,(7,6)),5),4),(((10,11),47),(25,((((27,28),(26,((31,30),33))),32),29)))),(15,(13,(14,12))))),((17,16),9)),(3,(46,((44,(40,((42,41),(43,(((36,35),34),(37,(38,39))))))),(45,((23,(((18,20),21),22)),19)))))),1);
0.001498501 ((((17,16),9),((3,(((44,(40,((42,41),((((36,35),34),(37,(38,39))),43)))),(45,(19,(((21,(18,20)),22),23)))),46)),((((((8,(7,6)),5),4),(((10,11),47),(25,(((32,(27,28)),(26,((31,30),33))),29)))),(15,((14,12),13))),(2,24)))),1);
0.001498501 (((((2,24),(((4,(5,(8,(7,6)))),(((10,11),47),(25,((((27,28),(26,(30,(33,31)))),32),29)))),(15,(13,(12,14))))),((17,16),9)),(3,(((45,(19,((22,((18,20),21)),23))),(44,(((42,41),(43,(((36,35),34),(37,(38,39))))),40))),46))),1);
0.001498501 (1,((3,((((44,((((((36,35),34),(37,(38,39))),43),(42,41)),40)),45),(19,((((18,20),21),22),23))),46)),(((17,16),9),((2,24),(((4,((8,(7,6)),5)),(((10,11),47),(25,((((27,28),(26,((33,30),31))),32),29)))),(15,(13,(12,14))))))));
0.001498501 (1,(((17,16),9),((3,(46,(45,((19,((22,((18,20),21)),23)),(44,(40,((43,(((36,35),34),(37,(38,39)))),(42,41)))))))),((2,24),(((((8,(7,6)),5),4),(((10,11),47),(25,(((27,28),(32,(26,(30,(31,33))))),29)))),(15,(13,(14,12))))))));
0.001498501 (((((2,24),(((4,(5,(8,(7,6)))),(((10,11),47),(25,((((27,28),32),(26,(30,(33,31)))),29)))),(15,(13,(12,14))))),(3,(((45,(44,(40,((42,41),((((36,35),34),(37,(38,39))),43))))),((((18,20),21),22),(19,23))),46))),((17,16),9)),1);
0.001498501 (1,(((3,((((44,(40,((42,41),((((36,35),34),(37,(38,39))),43)))),45),((23,(22,(21,(18,20)))),19)),46)),((((4,((8,(7,6)),5)),(((10,11),47),(25,(((32,(27,28)),(26,(33,(31,30)))),29)))),(15,((14,12),13))),(2,24))),((17,16),9)));
0.001248751 ((((17,16),9),((2,24),(((((8,(7,6)),5),4),(((10,11),47),(25,(((32,(26,((30,31),33))),(27,28)),29)))),(15,(13,(14,12)))))),(1,(3,(46,((44,(40,((42,41),((((36,35),34),(37,(38,39))),43)))),(45,((22,(21,(18,20))),(19,23))))))));
0.001248751 ((((17,16),9),((3,((44,(40,(((((36,35),34),(37,(38,39))),43),(42,41)))),((45,((19,23),(22,(21,(18,20))))),46))),((2,24),(((((8,(7,6)),5),4),(((10,11),47),(25,(((27,28),((26,(33,(30,31))),32)),29)))),(15,(13,(14,12))))))),1);
0.001248751 (((3,(((44,(40,((42,41),(43,(((36,35),34),(37,(38,39))))))),(45,((23,19),(22,((18,20),21))))),46)),(((17,16),9),((2,24),(((((8,(7,6)),4),5),(((10,11),47),(25,(((32,(27,28)),(26,((31,30),33))),29)))),(15,((12,14),13)))))),1);
0.001248751 (((((17,16),9),((2,24),((((5,(8,(7,6))),4),(((10,11),47),(25,((((26,((30,33),31)),32),(27,28)),29)))),(15,((14,12),13))))),(3,((((23,(19,(22,((18,20),21)))),45),(44,(40,((43,(((36,35),34),(37,(38,39)))),(42,41))))),46))),1);
0.001248751 (((((17,16),9),((2,24),(((((8,(7,6)),5),4),(((10,11),47),(25,((32,((26,(33,(31,30))),(27,28))),29)))),(15,(13,(14,12)))))),(3,(46,(((22,(21,(18,20))),(19,23)),(45,(44,(40,((43,(((36,35),34),(37,(38,39)))),(42,41))))))))),1);
0.001248751 (1,(((((15,(13,(12,14))),((((10,11),47),(25,((((((31,33),30),26),32),(28,27)),29))),(4,(5,(8,(6,7)))))),(2,24)),(9,(16,17))),((46,((45,(((22,(21,(20,18))),19),23)),(44,(((43,((34,(36,35)),(37,(38,39)))),(41,42)),40)))),3)));
0.001248751 ((((2,24),(((((8,(7,6)),5),4),(((10,11),47),(25,(((32,(26,(30,(31,33)))),(27,28)),29)))),(15,((12,14),13)))),((17,16),9)),(1,(3,(46,((44,(((42,41),(43,(((36,35),34),(37,(38,39))))),40)),(((22,((18,20),21)),(23,19)),45))))));
0.001248751 (((((2,24),(((((8,(7,6)),5),4),(((10,11),47),(25,(((27,28),((26,((31,30),33)),32)),29)))),(15,(13,(14,12))))),((17,16),9)),(3,(46,((44,((40,(42,41)),(43,(((36,35),34),(37,(38,39)))))),(45,(19,(23,(((18,20),21),22)))))))),1);
0.001248751 ((((3,(46,((44,(40,((42,41),(43,(((36,35),34),(37,(38,39))))))),(45,(((((18,20),21),22),23),19))))),((2,24),(((((8,(7,6)),4),5),(((10,11),47),(25,(((32,(26,(33,(31,30)))),(27,28)),29)))),(15,(13,(14,12)))))),((17,16),9)),1);
0.001248751 (((((2,24),(((4,(5,(8,(7,6)))),(((10,11),47),(25,(((27,28),(32,(26,((33,30),31)))),29)))),(15,((12,14),13)))),((17,16),9)),1),(3,(((44,(40,((42,41),((((36,35),34),(37,(38,39))),43)))),((19,((22,((18,20),21)),23)),45)),46)));
0.001248751 (((3,((((22,(21,(18,20))),(23,19)),(45,(44,(40,(((((36,35),34),(37,(38,39))),43),(42,41)))))),46)),(((2,24),(((((8,(7,6)),4),5),(((10,11),47),(25,((((26,(30,(31,33))),32),(27,28)),29)))),(15,(13,(14,12))))),((17,16),9))),1);
0.001248751 (1,((((((4,((8,(7,6)),5)),(((10,11),47),(25,((((26,((33,31),30)),(27,28)),32),29)))),(15,((14,12),13))),(2,24)),((17,16),9)),(3,((((44,(((42,41),(43,(((36,35),34),(37,(38,39))))),40)),45),(((21,(18,20)),22),(23,19))),46))));
0.001248751 (((3,(46,((45,(44,(40,(((((36,35),34),(37,(38,39))),43),(42,41))))),(23,(19,((21,(18,20)),22)))))),(((2,24),(((4,(5,(8,(7,6)))),(((10,11),47),(25,(((27,28),((26,((33,30),31)),32)),29)))),(15,((12,14),13)))),((17,16),9))),1);
0.001248751 (((1,((17,16),9)),((2,24),(((((8,(7,6)),5),4),(((10,11),47),(25,(((27,28),(32,(26,((31,30),33)))),29)))),(15,((12,14),13))))),(3,((((44,(((42,41),(43,(((36,35),34),(37,(38,39))))),40)),45),((22,((18,20),21)),(19,23))),46)));
0.001248751 (((((2,24),(((((8,(7,6)),4),5),(((10,11),47),(25,(((32,(26,((30,33),31))),(27,28)),29)))),(15,((12,14),13)))),((17,16),9)),(3,((((44,(((43,(((36,35),34),(37,(38,39)))),(42,41)),40)),45),(((22,((18,20),21)),23),19)),46))),1);
0.001248751 ((((17,16),9),((3,(46,((44,(((43,(((36,35),34),(37,(38,39)))),(42,41)),40)),((19,((22,(21,(18,20))),23)),45)))),(((((4,(8,(7,6))),5),(((10,11),47),(25,((((26,((30,33),31)),32),(27,28)),29)))),(15,((14,12),13))),(2,24)))),1);
0.001248751 (((3,(46,((44,(40,((42,41),((((36,35),34),(37,(38,39))),43)))),(45,((23,(22,((18,20),21))),19))))),(((17,16),9),((2,24),(((5,((8,(7,6)),4)),(((10,11),47),(25,((((27,28),32),(26,((33,30),31))),29)))),(15,((12,14),13)))))),1);
0.001248751 (((9,(16,17)),((((15,(13,(12,14))),((((10,11),47),(25,(((28,27),(32,((30,(31,33)),26))),29))),(5,((8,(6,7)),4)))),(2,24)),((46,((45,(19,(23,(22,((20,18),21))))),(44,(((43,((34,(36,35)),(37,(38,39)))),(41,42)),40)))),3))),1);
0.001248751 ((1,((17,16),9)),((3,(46,((44,(((43,(((36,35),34),(37,(38,39)))),(42,41)),40)),(45,((23,(((18,20),21),22)),19))))),((2,24),(((((8,(7,6)),5),4),(((10,11),47),(25,((((26,((30,33),31)),32),(27,28)),29)))),(15,(13,(14,12)))))));
0.001248751 (1,((9,(16,17)),(((((45,(44,(((((34,(36,35)),(37,(38,39))),43),(41,42)),40))),(((((20,18),21),22),23),19)),46),3),(((15,((14,12),13)),((((10,11),47),(25,(((28,27),(32,((30,(31,33)),26))),29))),(((8,(6,7)),5),4))),(2,24)))));
0.001248751 ((((((4,((8,(7,6)),5)),(((10,11),47),(25,((((27,28),32),(26,(31,(30,33)))),29)))),(15,((14,12),13))),(2,24)),(1,((17,16),9))),(3,(46,((44,(((43,(((36,35),34),(37,(38,39)))),(42,41)),40)),(45,((19,23),(22,(21,(18,20)))))))));
0.001248751 ((((((15,(13,(12,14))),((((10,11),47),(25,((((28,27),(((33,30),31),26)),32),29))),((5,(8,(6,7))),4))),(2,24)),((46,(((44,(40,((41,42),(((34,(36,35)),(37,(38,39))),43)))),45),(19,(23,(22,((20,18),21)))))),3)),(9,(16,17))),1);
0.000999001 ((((17,16),9),((3,((45,(((22,((18,20),21)),(19,23)),(44,(40,((42,41),(43,(((36,35),34),(37,(38,39))))))))),46)),((2,24),(((((8,(7,6)),5),4),(((10,11),47),(25,(((32,(26,(33,(31,30)))),(27,28)),29)))),(15,((12,14),13)))))),1);
0.000999001 (1,((((17,16),9),(((((5,(8,(7,6))),4),(((10,11),47),(25,(((32,(26,(31,(33,30)))),(27,28)),29)))),(15,((14,12),13))),(2,24))),(3,(46,((((((18,20),21),22),(23,19)),45),(44,(40,((43,(42,41)),(((36,35),34),(37,(38,39)))))))))));
0.000999001 ((((((45,(44,(40,((43,((34,(36,35)),(37,(38,39)))),(41,42))))),(23,(19,(22,(21,(20,18)))))),46),3),((9,(16,17)),(((15,((14,12),13)),((((10,11),47),(25,(((28,27),((((30,31),33),26),32)),29))),(4,((8,(6,7)),5)))),(2,24)))),1);
0.000999001 (1,(((((15,((14,12),13)),((((10,11),47),(25,(((32,(((31,33),30),26)),(28,27)),29))),(4,((8,(6,7)),5)))),(2,24)),(9,(16,17))),(((44,(40,((((34,(36,35)),(37,(38,39))),43),(41,42)))),((((19,23),((21,(20,18)),22)),45),46)),3)));
0.000999001 (1,((9,(16,17)),(((((44,(((43,((34,(36,35)),(37,(38,39)))),(41,42)),40)),(45,(19,(23,(((20,18),21),22))))),46),3),(((15,(13,(12,14))),((((10,11),47),(25,(((((33,(30,31)),26),(28,27)),32),29))),(4,((8,(6,7)),5)))),(2,24)))));
0.000999001 (((9,(16,17)),(((15,((14,12),13)),((((10,11),47),(25,(((32,(((33,30),31),26)),(28,27)),29))),(4,((8,(6,7)),5)))),(2,24))),(1,((46,((45,((23,(((20,18),21),22)),19)),(44,(40,((41,42),(((34,(36,35)),(37,(38,39))),43)))))),3)));
0.000999001 (((3,((44,(((43,(((36,35),34),(37,(38,39)))),(42,41)),40)),(46,(45,(19,((22,(21,(18,20))),23)))))),(((((4,((8,(7,6)),5)),(((10,11),47),(25,(((27,28),(32,(26,((30,33),31)))),29)))),(15,((14,12),13))),(2,24)),((17,16),9))),1);
0.000999001 (1,(((3,((((23,19),(22,(21,(18,20)))),(46,45)),(44,(40,((42,41),((((36,35),34),(37,(38,39))),43)))))),((((4,((8,(7,6)),5)),(((10,11),47),(25,((((26,(33,(30,31))),32),(27,28)),29)))),(15,((14,12),13))),(2,24))),((17,16),9)));
0.000999001 ((((17,16),9),1),(((((4,((8,(7,6)),5)),(((10,11),47),(25,(((27,28),(32,(26,(33,(31,30))))),29)))),(15,((14,12),13))),(2,24)),(3,((((44,(40,((42,41),(43,(((36,35),34),(37,(38,39))))))),45),((23,19),(22,(21,(18,20))))),46))));
0.000999001 ((((17,16),9),((3,((((22,(21,(18,20))),(19,23)),(45,(44,(40,((42,41),((((36,35),34),(37,(38,39))),43)))))),46)),((((4,((8,(7,6)),5)),(((10,11),47),(25,(((26,(33,(30,31))),(32,(27,28))),29)))),(15,((14,12),13))),(2,24)))),1);
0.000999001 (((((17,16),9),((2,24),(((4,(((6,7),8),5)),(((11,10),47),(25,(29,(((31,(30,33)),26),((28,27),32)))))),(((14,12),13),15)))),(3,((((44,(((((37,(39,38)),((36,35),34)),43),(41,42)),40)),((22,((20,18),21)),(23,19))),45),46))),1);
0.000999001 (((((15,((14,12),13)),((((10,11),47),(25,(((((30,31),33),26),((28,27),32)),29))),(((8,(6,7)),5),4))),(2,24)),((9,(16,17)),1)),((((44,(40,((43,((34,(36,35)),(37,(38,39)))),(41,42)))),(((22,(21,(20,18))),(19,23)),45)),46),3));
0.000999001 (((3,(((46,45),((((18,20),21),22),(23,19))),(44,(40,((43,(((36,35),34),(37,(38,39)))),(42,41)))))),((((((5,(8,(7,6))),4),(((10,11),47),(25,(((26,((31,30),33)),((27,28),32)),29)))),(15,((14,12),13))),(2,24)),((17,16),9))),1);
0.000999001 (((((17,16),9),((2,24),(((((8,(7,6)),4),5),(((10,11),47),(25,(((32,(26,((30,33),31))),(27,28)),29)))),(15,(13,(14,12)))))),(3,((((19,23),(((18,20),21),22)),(45,46)),(44,(((43,(((36,35),34),(37,(38,39)))),(42,41)),40))))),1);
0.000999001 (((((2,24),(((((8,(7,6)),4),5),(((10,11),47),(25,(((26,(31,(33,30))),(32,(27,28))),29)))),(15,((12,14),13)))),(3,(((45,((23,19),(22,((18,20),21)))),(44,(40,((42,41),(43,(((36,35),34),(37,(38,39)))))))),46))),((17,16),9)),1);
0.000999001 (1,((((2,24),(((((8,(7,6)),5),4),(((10,11),47),(25,(((27,28),((26,((30,33),31)),32)),29)))),(15,(13,(14,12))))),(3,((45,((44,(((43,(((36,35),34),(37,(38,39)))),(42,41)),40)),((23,(((18,20),21),22)),19))),46))),((17,16),9)));
0.000999001 (((((2,24),(((4,(5,((6,7),8))),(((11,10),47),(25,(29,(((28,27),32),(((33,30),31),26)))))),(((14,12),13),15))),((17,16),9)),(3,(((45,(44,(((41,42),(43,((37,(39,38)),((36,35),34)))),40))),(23,((22,(21,(20,18))),19))),46))),1);
0.000999001 ((((3,(((45,(19,(23,((21,(18,20)),22)))),(44,(((42,41),(43,(((36,35),34),(37,(38,39))))),40))),46)),((2,24),(((4,(5,(8,(7,6)))),(((10,11),47),(25,((((26,(31,(33,30))),(27,28)),32),29)))),(15,(13,(12,14)))))),((17,16),9)),1);
0.000999001 (1,((((17,16),9),((2,24),(((4,(5,(8,(7,6)))),(((10,11),47),(25,(((26,(30,(31,33))),((27,28),32)),29)))),(15,((12,14),13))))),(3,(46,(((44,(40,(((((36,35),34),(37,(38,39))),43),(42,41)))),45),(19,(((21,(18,20)),22),23)))))));
0.000999001 (((3,(46,((19,((22,((18,20),21)),23)),((44,(((42,41),(43,(((36,35),34),(37,(38,39))))),40)),45)))),((2,24),(((((8,(7,6)),5),4),(((10,11),47),(25,(((32,(26,(33,(30,31)))),(27,28)),29)))),(15,((14,12),13))))),(((17,16),9),1));
0.000999001 (((9,(16,17)),1),((((15,((14,12),13)),((((10,11),47),(25,(((28,27),((((31,33),30),26),32)),29))),(4,((8,(6,7)),5)))),(2,24)),((46,((44,(40,((41,42),(((34,(36,35)),(37,(38,39))),43)))),(45,(19,((((20,18),21),22),23))))),3)));
0.000999001 (1,((((2,24),(((((8,(7,6)),5),4),(((10,11),47),(25,(((32,(27,28)),(26,(31,(30,33)))),29)))),(15,(13,(14,12))))),(3,((44,(40,((42,41),(43,(((36,35),34),(37,(38,39))))))),((46,45),((22,(21,(18,20))),(19,23)))))),((17,16),9)));
0.000999001 (1,(((3,((44,(40,(((((36,35),34),(37,(38,39))),43),(42,41)))),((19,((((18,20),21),22),23)),(45,46)))),((2,24),(((((8,(7,6)),5),4),(((10,11),47),(25,(((27,28),((26,((31,33),30)),32)),29)))),(15,(13,(14,12)))))),((17,16),9)));
0.0007492507 (1,((((((4,((8,(7,6)),5)),(((10,11),47),(25,(((32,(26,((31,30),33))),(27,28)),29)))),(15,((14,12),13))),(2,24)),((17,16),9)),(3,(((44,(40,((((36,35),34),(37,(38,39))),((42,41),43)))),(45,((23,19),((21,(18,20)),22)))),46))));
0.0007492507 (1,((3,(46,((45,((19,23),(22,((18,20),21)))),(44,(((42,41),40),(43,(((36,35),34),(37,(38,39))))))))),(((2,24),(((((8,(7,6)),4),5),(((10,11),47),(25,(((27,28),(32,(26,((31,30),33)))),29)))),(15,((14,12),13)))),((17,16),9))));
0.0007492507 (((((((44,(40,((41,42),(((34,(36,35)),(37,(38,39))),43)))),45),((23,19),(22,((20,18),21)))),46),3),((((15,((14,12),13)),((((10,11),47),(25,(((28,27),(((33,(30,31)),26),32)),29))),(5,((8,(6,7)),4)))),(2,24)),(9,(16,17)))),1);
0.0007492507 (1,(((2,24),(((4,(((6,7),8),5)),(((11,10),47),(25,(29,((28,27),(((31,(30,33)),26),32)))))),((13,(12,14)),15))),(((17,16),9),(3,(46,((44,(40,((((37,(39,38)),((36,35),34)),43),(41,42)))),(45,((23,19),(((20,18),21),22)))))))));
0.0007492507 ((1,(3,(46,(((((18,20),21),22),(19,23)),(45,(44,(40,((43,(((36,35),34),(37,(38,39)))),(42,41))))))))),(((17,16),9),((((((8,(7,6)),5),4),(((10,11),47),(25,((((26,(33,(31,30))),32),(27,28)),29)))),(15,((14,12),13))),(2,24))));
0.0007492507 (((3,((44,(40,((43,(((36,35),34),(37,(38,39)))),(42,41)))),((46,((23,19),(22,((18,20),21)))),45))),(((2,24),((((5,(8,(7,6))),4),(((10,11),47),(25,(((27,28),((26,((31,30),33)),32)),29)))),(15,((14,12),13)))),((17,16),9))),1);
0.0007492507 (1,((((2,24),(((((8,(7,6)),5),4),(((10,11),47),(25,((((26,((31,30),33)),32),(27,28)),29)))),(15,(13,(14,12))))),((17,16),9)),(3,((44,(((43,(((36,35),34),(37,(38,39)))),(42,41)),40)),(46,((19,(23,(((18,20),21),22))),45))))));
0.0007492507 ((((3,(46,(((19,(((21,(18,20)),22),23)),(44,(40,(((((36,35),34),(37,(38,39))),43),(42,41))))),45))),((2,24),(((4,(5,(8,(7,6)))),(((10,11),47),(25,(((27,28),((26,(33,(30,31))),32)),29)))),(15,((12,14),13))))),((17,16),9)),1);
0.0007492507 (((3,(((44,(((((36,35),34),(37,(38,39))),43),(40,(42,41)))),(45,(((22,((18,20),21)),23),19))),46)),(((17,16),9),((2,24),(((4,(5,(8,(7,6)))),(((10,11),47),(25,(((27,28),((26,(30,(31,33))),32)),29)))),(15,((14,12),13)))))),1);
0.0007492507 (1,(((17,16),9),((3,(46,(((44,(((((37,(39,38)),((36,35),34)),43),(41,42)),40)),((19,23),(22,(21,(20,18))))),45))),((2,24),(((4,(((6,7),8),5)),(((11,10),47),(25,(29,((28,27),((((31,33),30),26),32)))))),((13,(12,14)),15))))));
0.0007492507 ((((17,16),9),((3,(46,((44,(((43,(((36,35),34),(37,(38,39)))),(42,41)),40)),(45,((22,(21,(18,20))),(23,19)))))),((((4,((8,(7,6)),5)),(((10,11),47),(25,((((27,28),(26,(30,(31,33)))),32),29)))),(15,((14,12),13))),(2,24)))),1);
0.0007492507 (((1,((17,16),9)),(3,(46,((44,(((42,41),(43,(((36,35),34),(37,(38,39))))),40)),(((22,((18,20),21)),(23,19)),45))))),((2,24),(((((8,(7,6)),5),4),(((10,11),47),(25,(((32,(26,((33,31),30))),(27,28)),29)))),(15,((12,14),13)))));
0.0007492507 (((3,(((44,((43,(((36,35),34),(37,(38,39)))),((42,41),40))),(45,((23,(22,((18,20),21))),19))),46)),(((17,16),9),((2,24),(((((8,(7,6)),5),4),(((10,11),47),(25,(((32,(26,((30,33),31))),(27,28)),29)))),(15,((12,14),13)))))),1);
0.0007492507 ((((2,24),(((((8,(7,6)),5),4),(((10,11),47),(25,((((26,(33,(31,30))),32),(27,28)),29)))),(15,(13,(14,12))))),((3,((((44,(40,(((((36,35),34),(37,(38,39))),43),(42,41)))),45),(19,(23,(22,(21,(18,20)))))),46)),((17,16),9))),1);
0.0007492507 (((((17,16),9),((((4,((8,(7,6)),5)),(((10,11),47),(25,(((32,(26,(33,(31,30)))),(27,28)),29)))),(15,((14,12),13))),(2,24))),(3,(((44,(((43,(((36,35),34),(37,(38,39)))),(42,41)),40)),(19,(23,(22,(21,(18,20)))))),(45,46)))),1);
0.0007492507 (((((2,24),(((((8,(7,6)),4),5),(((10,11),47),(25,(((32,(26,((30,31),33))),(27,28)),29)))),(15,((14,12),13)))),(3,(46,(((22,((18,20),21)),(19,23)),(45,(44,(((42,41),((((36,35),34),(37,(38,39))),43)),40))))))),((17,16),9)),1);
0.0007492507 (((3,(((((22,((18,20),21)),23),19),(45,(44,(40,(((((36,35),34),(37,(38,39))),43),(42,41)))))),46)),(((17,16),9),((2,24),(((5,(4,(8,(7,6)))),(((10,11),47),(25,(((32,(26,(33,(30,31)))),(27,28)),29)))),(15,((14,12),13)))))),1);
0.0007492507 (((3,(46,((((22,(21,(18,20))),(19,23)),(44,(((43,(((36,35),34),(37,(38,39)))),(42,41)),40))),45))),(((17,16),9),((((5,((8,(7,6)),4)),(((10,11),47),(25,(((32,(26,(31,(30,33)))),(27,28)),29)))),(15,((14,12),13))),(2,24)))),1);
0.0007492507 ((3,(46,(((44,(40,((43,(((36,35),34),(37,(38,39)))),(42,41)))),45),((22,(21,(18,20))),(19,23))))),((((17,16),9),((2,24),(((((8,(7,6)),5),4),(((10,11),47),(25,(((27,28),((26,(31,(33,30))),32)),29)))),(15,(13,(14,12)))))),1));
0.0007492507 ((((9,(16,17)),(((15,((14,12),13)),((((10,11),47),(25,((((28,27),32),((31,(33,30)),26)),29))),(5,((8,(6,7)),4)))),(2,24))),((46,((44,(40,((41,42),(((34,(36,35)),(37,(38,39))),43)))),((((21,(20,18)),22),(23,19)),45))),3)),1);
0.0007492507 (1,(((((15,(13,(12,14))),((((10,11),47),(25,(((28,27),((((33,30),31),26),32)),29))),((5,(8,(6,7))),4))),(2,24)),(9,(16,17))),((((45,46),(44,(40,((41,42),(((34,(36,35)),(37,(38,39))),43))))),((((20,18),21),22),(23,19))),3)));
0.0007492507 (((9,(16,17)),(((15,(13,(12,14))),((((10,11),47),(25,(((((30,33),31),26),(32,(28,27))),29))),((5,(8,(6,7))),4))),(2,24))),(1,((46,((45,((22,((20,18),21)),(23,19))),(44,(((((34,(36,35)),(37,(38,39))),43),(41,42)),40)))),3)));
0.0007492507 (((46,((44,(40,((41,42),(((34,(36,35)),(37,(38,39))),43)))),((((21,(20,18)),22),(19,23)),45))),3),(((((15,((14,12),13)),((((10,11),47),(25,((((28,27),32),(((33,30),31),26)),29))),(4,((8,(6,7)),5)))),(2,24)),(9,(16,17))),1));
0.0007492507 ((((((15,(13,(14,12))),((((10,11),47),(25,(((28,27),(((31,(33,30)),26),32)),29))),(4,((8,(6,7)),5)))),(2,24)),(9,(16,17))),1),(((44,(40,((41,42),(((34,(36,35)),(37,(38,39))),43)))),((45,46),((19,23),(22,((20,18),21))))),3));
0.0007492507 (1,((9,(16,17)),((((15,((14,12),13)),((((10,11),47),(25,(((28,27),(32,(((33,30),31),26))),29))),(4,((8,(6,7)),5)))),(2,24)),(((44,(40,((41,42),(((34,(36,35)),(37,(38,39))),43)))),(45,(46,((19,23),(((20,18),21),22))))),3))));
0.0007492507 ((((9,(16,17)),(((15,((14,12),13)),((((10,11),47),(25,(((28,27),(32,(((33,30),31),26))),29))),(5,((8,(6,7)),4)))),(2,24))),((46,(((44,(((((34,(36,35)),(37,(38,39))),43),(41,42)),40)),((((21,(20,18)),22),23),19)),45)),3)),1);
0.0007492507 (((((17,16),9),((2,24),((((5,(8,(7,6))),4),(((10,11),47),(25,((((26,(33,(30,31))),(27,28)),32),29)))),(15,((14,12),13))))),(3,(((45,46),(19,(23,(22,((18,20),21))))),(44,(40,(((((36,35),34),(37,(38,39))),43),(42,41))))))),1);
0.0007492507 (1,((9,(16,17)),((((15,((14,12),13)),((((10,11),47),(25,(((28,27),(((33,(30,31)),26),32)),29))),(4,((8,(6,7)),5)))),(2,24)),((((((((20,18),21),22),23),19),(44,(40,((41,42),(((34,(36,35)),(37,(38,39))),43))))),(46,45)),3))));
0.0007492507 (((3,(46,(((23,19),(22,((20,18),21))),((44,(((((37,(39,38)),((36,35),34)),43),(41,42)),40)),45)))),((2,24),((((5,((6,7),8)),4),(((11,10),47),(25,(29,((28,27),((((30,33),31),26),32)))))),((13,(12,14)),15)))),(1,((17,16),9)));
0.0007492507 (((2,24),((((((6,7),8),5),4),(((11,10),47),(25,(29,((28,27),(((31,(33,30)),26),32)))))),(((12,14),13),15))),(((3,(46,(((19,(23,(((20,18),21),22))),45),(44,(40,((43,((37,(39,38)),((36,35),34))),(41,42))))))),1),((17,16),9)));
0.0007492507 (((3,(46,((44,((((((36,35),34),(37,(38,39))),43),(42,41)),40)),((19,(23,((21,(18,20)),22))),45)))),1),(((17,16),9),((((4,((8,(7,6)),5)),(((10,11),47),(25,(((26,(31,(33,30))),(32,(27,28))),29)))),(15,((14,12),13))),(2,24))));
0.0007492507 ((1,(((17,16),9),((2,24),((((5,((6,7),8)),4),(((11,10),47),(25,(29,((32,(((33,31),30),26)),(28,27)))))),((13,(12,14)),15))))),(3,(46,((((((20,18),21),22),23),19),(45,(44,(((((37,(39,38)),((36,35),34)),43),(41,42)),40)))))));
0.0007492507 (1,((((((44,(40,((((34,(36,35)),(37,(38,39))),43),(41,42)))),(45,(19,(23,(22,(21,(20,18))))))),46),3),(((15,((14,12),13)),((((10,11),47),(25,(((((30,31),33),26),(32,(28,27))),29))),(5,((8,(6,7)),4)))),(2,24))),(9,(16,17))));
0.0007492507 (((((17,16),9),1),((2,24),(((4,(5,((6,7),8))),(((11,10),47),(25,(29,((28,27),(32,(((31,30),33),26))))))),(((12,14),13),15)))),(3,(46,(((44,(((41,42),(((37,(39,38)),((36,35),34)),43)),40)),45),((((21,(20,18)),22),23),19)))));
0.0007492507 ((3,(46,((45,(((((20,18),21),22),23),19)),(44,(((((37,(39,38)),((36,35),34)),43),(41,42)),40))))),(((2,24),((((5,((6,7),8)),4),(((11,10),47),(25,(29,((((30,(31,33)),26),32),(28,27)))))),((13,(12,14)),15))),(((17,16),9),1)));
0.0007492507 ((((3,((((19,23),(((18,20),21),22)),(46,45)),(44,(((43,(((36,35),34),(37,(38,39)))),(42,41)),40)))),((2,24),(((((8,(7,6)),4),5),(((10,11),47),(25,(((32,(26,(31,(33,30)))),(27,28)),29)))),(15,(13,(14,12)))))),((17,16),9)),1);
0.0007492507 (1,((9,(16,17)),(((((45,46),(19,((22,(21,(20,18))),23))),(44,(40,((41,42),(((34,(36,35)),(37,(38,39))),43))))),3),(((15,(13,(12,14))),((((10,11),47),(25,((((33,(30,31)),26),(32,(28,27))),29))),((5,(8,(6,7))),4))),(2,24)))));
0.0007492507 ((1,(9,(16,17))),(((46,((((21,(20,18)),22),(19,23)),(45,(44,(40,((41,42),(((34,(36,35)),(37,(38,39))),43))))))),3),(((15,((14,12),13)),((((10,11),47),(25,(((((33,30),31),26),(32,(28,27))),29))),(4,((8,(6,7)),5)))),(2,24))));
0.0007492507 (1,(((9,(16,17)),(((15,((14,12),13)),((((10,11),47),(25,((((28,27),32),((30,(31,33)),26)),29))),(((8,(6,7)),5),4))),(2,24))),(((44,(40,((41,42),(43,((34,(36,35)),(37,(38,39))))))),((45,46),((23,(((20,18),21),22)),19))),3)));
0.0007492507 ((3,(((19,((22,((18,20),21)),23)),((44,(40,((42,41),((((36,35),34),(37,(38,39))),43)))),45)),46)),(((2,24),(((4,(5,(8,(7,6)))),(((10,11),47),(25,(((27,28),(32,(26,((33,30),31)))),29)))),(15,((14,12),13)))),(1,((17,16),9))));
0.0004995005 ((((9,(16,17)),(((15,(13,(12,14))),((((10,11),47),(25,(((28,27),((((31,30),33),26),32)),29))),((4,(8,(6,7))),5))),(2,24))),(((46,(45,((((20,18),21),22),(23,19)))),(44,(40,((41,42),(((34,(36,35)),(37,(38,39))),43))))),3)),1);
0.0004995005 (((17,16),9),(((3,(46,((((22,(21,(18,20))),(19,23)),45),(44,(40,((42,41),(43,(((36,35),34),(37,(38,39)))))))))),1),((2,24),(((((8,(7,6)),5),4),(((10,11),47),(25,(((32,(26,(33,(30,31)))),(27,28)),29)))),(15,(13,(14,12)))))));
0.0004995005 (1,(((9,(16,17)),((((44,(((((34,(36,35)),(37,(38,39))),43),(41,42)),40)),((((22,(21,(20,18))),23),19),45)),46),3)),(((15,((12,14),13)),((((10,11),47),(25,(((28,27),(32,((33,(31,30)),26))),29))),((5,(8,(6,7))),4))),(2,24))));
0.0004995005 ((((3,(46,((45,((19,23),(22,(21,(20,18))))),(44,(40,((43,((34,(36,35)),((38,39),37))),(41,42))))))),(9,(17,16))),(((((14,12),13),15),((((10,11),47),((((27,28),(32,(26,((31,33),30)))),29),25)),(4,(5,(8,(7,6)))))),(2,24))),1);
0.0004995005 ((((((44,(40,((((34,(36,35)),(37,(38,39))),43),(41,42)))),45),((22,(21,(20,18))),(23,19))),46),3),(1,((((15,((14,12),13)),((((10,11),47),(25,(((28,27),(32,(((31,30),33),26))),29))),(4,((8,(6,7)),5)))),(2,24)),(9,(16,17)))));
0.0004995005 (1,((3,((((21,(20,18)),22),(19,23)),(46,(45,(44,(((41,42),(((37,(39,38)),((36,35),34)),43)),40)))))),(((2,24),(((4,(5,((6,7),8))),(((11,10),47),(25,(29,((28,27),(((33,(30,31)),26),32)))))),(((12,14),13),15))),((17,16),9))));
0.0004995005 (((((17,16),9),((2,24),(((4,(((6,7),8),5)),(((11,10),47),(25,(29,((28,27),(((33,(31,30)),26),32)))))),(((14,12),13),15)))),(3,((45,(44,(((((37,(39,38)),((36,35),34)),43),(41,42)),40))),(((22,((20,18),21)),(19,23)),46)))),1);
0.0004995005 ((3,(((((23,19),(22,((18,20),21))),45),(44,(40,((42,41),((((36,35),34),(37,(38,39))),43))))),46)),(1,(((17,16),9),((2,24),(((((8,(7,6)),5),4),(((10,11),47),(25,(((32,(26,(30,(33,31)))),(27,28)),29)))),(15,((12,14),13)))))));
0.0004995005 (((((15,((14,12),13)),((((10,11),47),(25,(((28,27),(32,((33,(31,30)),26))),29))),(4,((8,(6,7)),5)))),(2,24)),(9,(16,17))),((((((((22,(21,(20,18))),23),19),45),(44,(40,((43,((34,(36,35)),(37,(38,39)))),(41,42))))),46),3),1));
0.0004995005 (1,((((17,16),9),((2,24),(((4,(5,(8,(7,6)))),(((10,11),47),(25,((((27,28),32),(26,(33,(31,30)))),29)))),(15,((12,14),13))))),(3,(46,(((((21,(18,20)),22),(19,23)),45),(44,(((((36,35),34),(37,(38,39))),43),(40,(42,41)))))))));
0.0004995005 (((9,(16,17)),(((15,((14,12),13)),((((10,11),47),(25,((((33,(30,31)),26),((28,27),32)),29))),(4,((8,(6,7)),5)))),(2,24))),(((((44,(40,((41,42),(((34,(36,35)),(37,(38,39))),43)))),(((23,19),(((20,18),21),22)),45)),46),3),1));
0.0004995005 (1,(((((((23,19),(((20,18),21),22)),45),(44,((40,(41,42)),(((34,(36,35)),(37,(38,39))),43)))),46),3),((((15,((14,12),13)),((((10,11),47),(25,((((((30,31),33),26),(28,27)),32),29))),(((8,(6,7)),5),4))),(2,24)),(9,(16,17)))));
0.0004995005 (1,((((((4,((8,(7,6)),5)),(((10,11),47),(25,(((32,(26,((33,31),30))),(27,28)),29)))),(15,((14,12),13))),(2,24)),(3,((46,(45,(((21,(18,20)),22),(23,19)))),(44,(((42,41),(43,(((36,35),34),(37,(38,39))))),40))))),((17,16),9)));
0.0004995005 ((((17,16),9),((3,((((44,(40,((43,(((36,35),34),(37,(38,39)))),(42,41)))),((22,((18,20),21)),(19,23))),45),46)),((2,24),((((5,(8,(7,6))),4),(((10,11),47),(25,((((26,((33,30),31)),32),(27,28)),29)))),(15,((14,12),13)))))),1);
0.0004995005 (1,(((3,((44,(((41,42),(43,((37,(39,38)),((36,35),34)))),40)),((((23,19),(((20,18),21),22)),45),46))),((2,24),(((4,(5,((6,7),8))),(((11,10),47),(25,(29,((32,(((30,33),31),26)),(28,27)))))),((13,(12,14)),15)))),((17,16),9)));
0.0004995005 (((((4,((8,(7,6)),5)),(((10,11),47),(25,(((27,28),((26,(33,(30,31))),32)),29)))),(15,((14,12),13))),(2,24)),((((17,16),9),1),(3,(((44,((((((36,35),34),(37,(38,39))),43),(42,41)),40)),(((23,((21,(18,20)),22)),19),45)),46))));
0.0004995005 (((3,(46,((44,(40,((43,(((36,35),34),(37,(38,39)))),(42,41)))),((23,(19,(((18,20),21),22))),45)))),(((17,16),9),((((((8,(7,6)),5),4),(((10,11),47),(25,((((27,28),32),(26,((31,33),30))),29)))),(15,((14,12),13))),(2,24)))),1);
0.0004995005 ((((9,(16,17)),(((15,((12,14),13)),((((10,11),47),(25,((((((30,31),33),26),32),(28,27)),29))),(((8,(6,7)),5),4))),(2,24))),((((45,46),(44,(((43,((34,(36,35)),(37,(38,39)))),(41,42)),40))),(19,(23,(((20,18),21),22)))),3)),1);
0.0004995005 (((((17,16),9),(3,((((44,(((42,41),(43,(((36,35),34),(37,(38,39))))),40)),45),((22,((18,20),21)),(19,23))),46))),((2,24),(((4,(5,(8,(7,6)))),(((10,11),47),(25,(((32,(26,(31,(30,33)))),(27,28)),29)))),(15,(13,(12,14)))))),1);
0.0004995005 ((((((12,14),13),15),((((10,11),47),((((27,28),((26,(31,(30,33))),32)),29),25)),(4,(5,(8,(7,6)))))),(2,24)),((1,(3,(46,((44,(((41,42),(43,((34,(36,35)),((38,39),37)))),40)),(((23,19),((21,(20,18)),22)),45))))),(9,(17,16))));
0.0004995005 ((((9,(16,17)),((46,((44,(40,((41,42),(((34,(36,35)),(37,(38,39))),43)))),(45,(((21,(20,18)),22),(19,23))))),3)),(((15,((14,12),13)),((((10,11),47),(25,((((31,(33,30)),26),(32,(28,27))),29))),((5,(8,(6,7))),4))),(2,24))),1);
0.0004995005 (((((2,24),(((((8,(7,6)),5),4),(((10,11),47),(25,((((26,((30,31),33)),(27,28)),32),29)))),(15,((14,12),13)))),((17,16),9)),(3,(46,((19,((22,((18,20),21)),23)),(45,(44,(((42,41),((((36,35),34),(37,(38,39))),43)),40))))))),1);
0.0004995005 (1,(((3,(46,((((22,(21,(18,20))),(19,23)),45),(44,((43,(((36,35),34),(37,(38,39)))),((42,41),40)))))),((2,24),(((((8,(7,6)),5),4),(((10,11),47),(25,(((26,(33,(30,31))),((27,28),32)),29)))),(15,(13,(14,12)))))),((17,16),9)));
0.0004995005 ((1,((17,16),9)),(((((4,((8,(7,6)),5)),(((10,11),47),(25,(((32,(27,28)),(26,(33,(31,30)))),29)))),(15,((14,12),13))),(2,24)),(3,(((((22,(21,(18,20))),(19,23)),45),(44,(40,((42,41),((((36,35),34),(37,(38,39))),43))))),46))));
0.0004995005 (1,((9,(16,17)),((((15,(13,(12,14))),((((10,11),47),(25,((((28,27),32),((33,(31,30)),26)),29))),(5,(4,(8,(6,7)))))),(2,24)),((46,((((23,19),(22,(21,(20,18)))),45),(44,(40,((((34,(36,35)),(37,(38,39))),43),(41,42)))))),3))));
0.0004995005 (((3,(46,((45,((23,(((20,18),21),22)),19)),(44,(40,((41,42),(43,((37,(39,38)),((36,35),34))))))))),(((17,16),9),((2,24),(((5,(((6,7),8),4)),(((11,10),47),(25,(29,(((28,27),32),(((31,30),33),26)))))),((13,(14,12)),15))))),1);
0.0004995005 ((((9,(17,16)),1),(((((12,14),13),15),((((10,11),47),((((27,28),((26,(33,(31,30))),32)),29),25)),(4,(5,(8,(7,6)))))),(2,24))),(3,(46,((44,(((41,42),(43,((34,(36,35)),((38,39),37)))),40)),(45,(23,(((21,(20,18)),22),19)))))));
0.0004995005 ((((17,16),9),((((4,((8,(7,6)),5)),(((10,11),47),(25,(((27,28),(32,(26,((33,30),31)))),29)))),(15,((14,12),13))),(2,24))),(1,(3,(46,(((19,23),(22,(21,(18,20)))),((44,(((43,(((36,35),34),(37,(38,39)))),(42,41)),40)),45))))));
0.0004995005 (1,((3,(((23,19),(22,((20,18),21))),((45,(44,(((43,((37,(39,38)),((36,35),34))),(41,42)),40))),46))),(((17,16),9),((2,24),((((5,((6,7),8)),4),(((11,10),47),(25,(29,((28,27),(32,(((30,33),31),26))))))),((13,(12,14)),15))))));
0.0004995005 (1,((3,((((44,(((41,42),(((34,(36,35)),((38,39),37)),43)),40)),45),((((21,(20,18)),22),19),23)),46)),((((((12,14),13),15),((((10,11),47),(((((26,(33,(30,31))),32),(27,28)),29),25)),(5,((8,(7,6)),4)))),(2,24)),(9,(17,16)))));
0.0004995005 (((((17,16),9),((2,24),(((((8,(7,6)),5),4),(((10,11),47),(25,((((26,((33,30),31)),32),(27,28)),29)))),(15,((12,14),13))))),(3,((44,((((((36,35),34),(37,(38,39))),43),(42,41)),40)),((46,((22,((18,20),21)),(19,23))),45)))),1);
0.0004995005 (((1,((17,16),9)),(3,(46,(((19,23),(22,(21,(18,20)))),((44,(((43,(((36,35),34),(37,(38,39)))),(42,41)),40)),45))))),((((4,((8,(7,6)),5)),(((10,11),47),(25,((((26,((30,31),33)),32),(27,28)),29)))),(15,((14,12),13))),(2,24)));
0.0004995005 (((((17,16),9),1),((2,24),(((((8,(7,6)),5),4),(((10,11),47),(25,((((27,28),(26,(33,(30,31)))),32),29)))),(15,((12,14),13))))),(3,(((44,(40,((42,41),((((36,35),34),(37,(38,39))),43)))),(45,((23,19),(22,((18,20),21))))),46)));
0.0004995005 ((((((44,(((41,42),(43,((34,(36,35)),(37,(38,39))))),40)),45),(46,((19,23),(22,(21,(20,18)))))),3),((9,(16,17)),(((15,(13,(12,14))),((((10,11),47),(25,(((((30,31),33),26),((28,27),32)),29))),((5,(8,(6,7))),4))),(2,24)))),1);
0.0004995005 (1,(((((46,45),((19,23),(22,(21,(20,18))))),(44,(((((34,(36,35)),(37,(38,39))),43),(41,42)),40))),3),((((15,(13,(12,14))),((((10,11),47),(25,(((28,27),(32,((33,(31,30)),26))),29))),((4,(8,(6,7))),5))),(2,24)),(9,(16,17)))));
0.0004995005 ((1,(((44,(((((34,(36,35)),(37,(38,39))),43),(41,42)),40)),(((23,19),(22,(21,(20,18)))),(46,45))),3)),((9,(16,17)),(((15,(13,(12,14))),((((10,11),47),(25,(((28,27),(((30,(31,33)),26),32)),29))),(4,(5,(8,(6,7)))))),(2,24))));
0.0004995005 (1,(((9,(16,17)),(((15,((12,14),13)),((((10,11),47),(25,(((28,27),(32,((31,(30,33)),26))),29))),((5,(8,(6,7))),4))),(2,24))),(((45,(46,(((22,(21,(20,18))),23),19))),(44,(((((34,(36,35)),(37,(38,39))),43),(41,42)),40))),3)));
0.0004995005 (((3,(46,((45,(44,(40,((41,42),(((34,(36,35)),((38,39),37)),43))))),(((21,(20,18)),22),(23,19))))),((9,(17,16)),(((((12,14),13),15),((((10,11),47),(((32,((26,((30,33),31)),(27,28))),29),25)),(5,(4,(8,(7,6)))))),(2,24)))),1);
0.0004995005 (1,(((17,16),9),(((2,24),(((((8,(7,6)),5),4),(((10,11),47),(25,(((26,(31,(30,33))),(32,(27,28))),29)))),(15,((14,12),13)))),(3,((44,(((43,(((36,35),34),(37,(38,39)))),(42,41)),40)),((((22,((18,20),21)),(23,19)),45),46))))));
0.0004995005 ((((9,(16,17)),(((15,((14,12),13)),((((10,11),47),(25,(((((31,(30,33)),26),32),(28,27)),29))),(4,((8,(6,7)),5)))),(2,24))),((((44,(40,((41,42),(((34,(36,35)),(37,(38,39))),43)))),45),(46,(19,(23,((21,(20,18)),22))))),3)),1);
0.0004995005 (1,(((17,16),9),((3,(46,(((((20,18),21),22),(23,19)),((44,(((((37,(39,38)),((36,35),34)),43),(41,42)),40)),45)))),((2,24),(((5,(4,((6,7),8))),(((11,10),47),(25,(29,((((30,(33,31)),26),32),(28,27)))))),((13,(12,14)),15))))));
0.0004995005 (1,(((3,(46,(((((20,18),21),22),(23,19)),((44,(((((37,(39,38)),((36,35),34)),43),(41,42)),40)),45)))),((2,24),(((4,(5,((6,7),8))),(((11,10),47),(25,(29,(((28,27),(((33,30),31),26)),32))))),(((14,12),13),15)))),((17,16),9)));
0.0004995005 (((((45,(44,(40,((41,42),(43,((34,(36,35)),(37,(38,39)))))))),(((22,(21,(20,18))),23),19)),46),3),(1,((9,(16,17)),(((15,((14,12),13)),((((10,11),47),(25,(((28,27),(32,((31,(30,33)),26))),29))),(4,((8,(6,7)),5)))),(2,24)))));
0.0004995005 (((9,(16,17)),((((46,((44,(40,((41,42),(((34,(36,35)),(37,(38,39))),43)))),45)),((19,23),(22,(21,(20,18))))),3),(((15,((14,12),13)),((((10,11),47),(25,(((((30,(31,33)),26),32),(28,27)),29))),(4,(5,(8,(6,7)))))),(2,24)))),1);
0.0004995005 (((17,16),9),(((3,(46,((44,(((42,41),(43,(((36,35),34),(37,(38,39))))),40)),(45,(19,(23,(22,((18,20),21)))))))),((2,24),(((((8,(7,6)),5),4),(((10,11),47),(25,((((26,(31,(33,30))),32),(27,28)),29)))),(15,((12,14),13))))),1));
0.0004995005 ((((15,((14,12),13)),((((10,11),47),(25,(((28,27),((((30,33),31),26),32)),29))),(4,((8,(6,7)),5)))),(2,24)),(((9,(16,17)),1),((((44,(40,((43,((34,(36,35)),(37,(38,39)))),(41,42)))),(45,(19,(23,((21,(20,18)),22))))),46),3)));
0.0004995005 ((1,(9,(16,17))),((((15,((14,12),13)),((((10,11),47),(25,((((28,27),32),(((30,33),31),26)),29))),((5,(8,(6,7))),4))),(2,24)),((((((19,23),(22,((20,18),21))),45),(44,(40,((41,42),(43,((34,(36,35)),(37,(38,39)))))))),46),3)));
0.0004995005 (((((2,24),(((((8,(7,6)),5),4),(((10,11),47),(25,((32,((27,28),(26,((30,33),31)))),29)))),(15,((12,14),13)))),((17,16),9)),1),(3,(((44,(((42,41),(43,(((36,35),34),(37,(38,39))))),40)),(45,(19,((22,((18,20),21)),23)))),46)));
0.0004995005 (((((17,16),9),1),((((4,((8,(7,6)),5)),(((10,11),47),(25,((32,((26,(31,(33,30))),(27,28))),29)))),(15,((14,12),13))),(2,24))),(3,(((((23,19),(22,(21,(18,20)))),45),(44,(40,((42,41),(43,(((36,35),34),(37,(38,39)))))))),46)));
0.0004995005 ((((((4,((8,(7,6)),5)),(((10,11),47),(25,(((26,(31,(33,30))),((27,28),32)),29)))),(15,((14,12),13))),(2,24)),((3,(((44,((((((36,35),34),(37,(38,39))),43),(42,41)),40)),(((23,19),((21,(18,20)),22)),45)),46)),1)),((17,16),9));
0.0004995005 (((3,(46,((45,(44,(40,((((37,(39,38)),((36,35),34)),43),(41,42))))),((23,19),(((20,18),21),22))))),(((17,16),9),1)),((2,24),((((5,((6,7),8)),4),(((11,10),47),(25,(29,((28,27),(((30,(31,33)),26),32)))))),((13,(12,14)),15))));
0.0004995005 (((17,16),9),(((2,24),(((4,(((6,7),8),5)),(((11,10),47),(25,(29,((28,27),(((30,(31,33)),26),32)))))),((13,(12,14)),15))),((3,(((44,(((41,42),(((37,(39,38)),((36,35),34)),43)),40)),(((((21,(20,18)),22),23),19),45)),46)),1)));
0.0004995005 ((((9,(16,17)),1),(((15,((14,12),13)),((((10,11),47),(25,((((33,(30,31)),26),(32,(28,27))),29))),(((8,(6,7)),5),4))),(2,24))),(((((19,23),(((20,18),21),22)),(45,(44,(((41,42),(43,((34,(36,35)),(37,(38,39))))),40)))),46),3));
0.0004995005 (((((2,24),(((((8,(7,6)),5),4),(((10,11),47),(25,(((26,((33,31),30)),(32,(27,28))),29)))),(15,((12,14),13)))),(3,(((45,((23,(22,((18,20),21))),19)),(44,(40,((42,41),(43,(((36,35),34),(37,(38,39)))))))),46))),((17,16),9)),1);
0.0004995005 ((((17,16),9),((3,(46,((44,(((41,42),(43,((37,(39,38)),((36,35),34)))),40)),(((23,(22,((20,18),21))),19),45)))),((2,24),((((5,((6,7),8)),4),(((11,10),47),(25,(29,(((28,27),((30,(33,31)),26)),32))))),((13,(12,14)),15))))),1);
0.0004995005 ((((((15,(13,(14,12))),((((10,11),47),(25,(((28,27),(((31,(30,33)),26),32)),29))),(5,((8,(6,7)),4)))),(2,24)),(9,(16,17))),(((44,(40,((41,42),(((34,(36,35)),(37,(38,39))),43)))),((45,46),(19,(23,(22,((20,18),21)))))),3)),1);
0.0004995005 (1,(((17,16),9),(((2,24),(((4,((8,(7,6)),5)),(((10,11),47),(25,((((27,28),32),(26,((33,31),30))),29)))),(15,(13,(12,14))))),(3,(((46,45),((((18,20),21),22),(19,23))),(44,(40,((42,41),((((36,35),34),(37,(38,39))),43)))))))));
0.0004995005 (((((13,(14,12)),15),((((10,11),47),((((27,28),(32,(26,((33,30),31)))),29),25)),(((8,(7,6)),5),4))),(2,24)),(((9,(17,16)),1),(3,((44,(40,((41,42),(((34,(36,35)),((38,39),37)),43)))),(((19,23),(((20,18),21),22)),(46,45))))));
0.0004995005 (((3,(46,(((44,(40,((43,(((36,35),34),(37,(38,39)))),(42,41)))),45),(19,(23,(22,(21,(18,20)))))))),((2,24),(((((8,(7,6)),5),4),(((10,11),47),(25,((((26,(31,(33,30))),32),(27,28)),29)))),(15,(13,(14,12)))))),(((17,16),9),1));
0.0004995005 ((((46,(((44,(40,((41,42),(((34,(36,35)),(37,(38,39))),43)))),45),(19,(23,(((20,18),21),22))))),3),((9,(16,17)),(((15,(13,(12,14))),((((10,11),47),(25,(((((33,30),31),26),((28,27),32)),29))),((4,(8,(6,7))),5))),(2,24)))),1);
0.0004995005 (1,((3,((44,(40,((43,((37,(39,38)),((36,35),34))),(41,42)))),((((23,((21,(20,18)),22)),19),46),45))),(((17,16),9),((2,24),(((4,(5,((6,7),8))),(((11,10),47),(25,(29,((32,(28,27)),(((30,33),31),26)))))),(((12,14),13),15))))));
0.0004995005 (((((17,16),9),1),((2,24),(((((8,(7,6)),5),4),(((10,11),47),(25,((((26,(31,(30,33))),32),(27,28)),29)))),(15,(13,(14,12)))))),(3,(46,((23,(19,(22,(21,(18,20))))),((44,(40,((43,(((36,35),34),(37,(38,39)))),(42,41)))),45)))));
0.0004995005 ((3,(46,(((44,(((((37,(39,38)),((36,35),34)),43),(41,42)),40)),(((((20,18),21),22),23),19)),45))),(((2,24),((((5,((6,7),8)),4),(((11,10),47),(25,(29,(((((33,30),31),26),32),(28,27)))))),((13,(12,14)),15))),(((17,16),9),1)));
0.0004995005 (((9,(16,17)),1),(((46,((44,(40,((41,42),(((34,(36,35)),(37,(38,39))),43)))),(45,(19,((((20,18),21),22),23))))),3),(((15,((14,12),13)),((((10,11),47),(25,(((((33,30),31),26),((28,27),32)),29))),(4,((8,(6,7)),5)))),(2,24))));
0.0004995005 ((((17,16),9),(((2,24),((((5,(8,(7,6))),4),(((10,11),47),(25,((((27,28),32),(26,((31,33),30))),29)))),(15,((14,12),13)))),(3,(((((22,((18,20),21)),23),19),((44,(40,(((((36,35),34),(37,(38,39))),43),(42,41)))),45)),46)))),1);
0.0004995005 (((2,24),(((((8,(7,6)),5),4),(((10,11),47),(25,(((26,((33,30),31)),((27,28),32)),29)))),(15,((12,14),13)))),((1,((17,16),9)),(3,(((44,(((42,41),(43,(((36,35),34),(37,(38,39))))),40)),(45,(19,((22,((18,20),21)),23)))),46))));
0.0004995005 (((1,(9,(17,16))),(((((12,14),13),15),((((10,11),47),(((((26,((33,31),30)),32),(27,28)),29),25)),(4,((8,(7,6)),5)))),(2,24))),(3,(((19,((22,(21,(20,18))),23)),(45,(44,(((((34,(36,35)),((38,39),37)),43),(41,42)),40)))),46)));
0.0004995005 (((9,(16,17)),(((((46,45),(19,(23,((21,(20,18)),22)))),(44,(40,((43,((34,(36,35)),(37,(38,39)))),(41,42))))),3),(((15,((14,12),13)),((((10,11),47),(25,(((28,27),(32,(((33,30),31),26))),29))),((4,(8,(6,7))),5))),(2,24)))),1);
0.0002497502 (1,(((9,(17,16)),(((((12,14),13),15),((((10,11),47),((((32,(26,(33,(30,31)))),(27,28)),29),25)),(4,(5,(8,(7,6)))))),(2,24))),(3,(((44,(((41,42),(((34,(36,35)),((38,39),37)),43)),40)),(45,((23,19),((21,22),(20,18))))),46))));
0.0002497502 (((3,(((45,((22,(21,(20,18))),(23,19))),(44,(40,((41,42),(43,((34,(36,35)),((38,39),37))))))),46)),(((((13,(14,12)),15),((((10,11),47),(((32,((27,28),(26,(33,(30,31))))),29),25)),((4,(8,(7,6))),5))),(2,24)),(9,(17,16)))),1);
0.0002497502 ((((3,(46,((((22,((18,20),21)),(19,23)),45),(44,((43,((42,41),(((36,35),34),(37,(38,39))))),40))))),((2,24),(((((8,(7,6)),5),4),(((10,11),47),(25,(((32,(26,(33,(30,31)))),(27,28)),29)))),(15,((14,12),13))))),((17,16),9)),1);
0.0002497502 (1,(((46,(((23,(19,(22,((20,18),21)))),45),(44,(40,((43,((34,(36,35)),(37,(38,39)))),(41,42)))))),3),((((15,((14,12),13)),((((10,11),47),(25,(((28,27),(32,(((31,30),33),26))),29))),((4,(8,(6,7))),5))),(2,24)),(9,(16,17)))));
0.0002497502 (1,((3,(46,(45,((44,(((41,42),(((34,(36,35)),((38,39),37)),43)),40)),((19,23),(22,(21,(20,18)))))))),((9,(17,16)),(((((12,14),13),15),((((10,11),47),((((27,28),(32,(26,(33,(31,30))))),29),25)),(5,((8,(7,6)),4)))),(2,24)))));
0.0002497502 ((3,(46,((44,(((41,42),(43,((34,(36,35)),((38,39),37)))),40)),(((23,19),((21,(20,18)),22)),45)))),(1,((9,(17,16)),(((((12,14),13),15),((((10,11),47),(((((26,(33,(31,30))),32),(27,28)),29),25)),(5,(4,(8,(7,6)))))),(2,24)))));
0.0002497502 (((((17,16),9),((2,24),((((4,5),((6,7),8)),(((11,10),47),(25,(29,((28,27),(((30,(31,33)),26),32)))))),(((12,14),13),15)))),(3,(46,((44,(40,((((37,(39,38)),((36,35),34)),43),(41,42)))),(45,((23,19),(22,(21,(20,18))))))))),1);
0.0002497502 ((((17,16),9),((3,(46,((((((20,18),21),22),(23,19)),45),(44,(40,((43,((37,(39,38)),((36,35),34))),(41,42))))))),1)),((2,24),((((((6,7),8),5),4),(((11,10),47),(25,(29,((28,27),((((31,30),33),26),32)))))),(((12,14),13),15))));
0.0002497502 (1,((((15,((14,12),13)),((((10,11),47),(25,(((28,27),(32,((33,(31,30)),26))),29))),(4,((8,(6,7)),5)))),(2,24)),((9,(16,17)),(((44,(40,((41,42),(((34,(36,35)),(37,(38,39))),43)))),((45,((23,19),(((20,18),21),22))),46)),3))));
0.0002497502 (1,(((9,(16,17)),((((44,(40,((43,((34,(36,35)),(37,(38,39)))),(41,42)))),(45,((22,(21,(20,18))),(23,19)))),46),3)),(((15,((14,12),13)),((((10,11),47),(25,((((33,(31,30)),26),((28,27),32)),29))),(((8,(6,7)),5),4))),(2,24))));
0.0002497502 (1,(((((13,(14,12)),15),((((10,11),47),((((27,28),((26,((31,30),33)),32)),29),25)),(((8,(7,6)),5),4))),(2,24)),((9,(17,16)),(3,(((45,(44,(40,((((34,(36,35)),((38,39),37)),43),(41,42))))),((23,19),(((20,18),21),22))),46)))));
0.0002497502 ((((9,(16,17)),(((15,((14,12),13)),((((10,11),47),(25,(((32,((31,(30,33)),26)),(28,27)),29))),(4,((8,(6,7)),5)))),(2,24))),(((46,(44,(40,((43,((34,(36,35)),(37,(38,39)))),(41,42))))),(45,(((21,(20,18)),22),(19,23)))),3)),1);
0.0002497502 (((((2,24),(((4,(5,((6,7),8))),(((11,10),47),(25,(29,((28,27),(((31,(30,33)),26),32)))))),(((14,12),13),15))),((17,16),9)),(3,(46,((44,(40,((41,42),(43,((37,(39,38)),((36,35),34)))))),((((21,22),(20,18)),(23,19)),45))))),1);
0.0002497502 (((3,((((22,(21,(18,20))),(23,19)),((44,(((((36,35),34),(37,(38,39))),43),((42,41),40))),45)),46)),(((17,16),9),(((((5,(8,(7,6))),4),(((10,11),47),(25,(((27,28),((26,((30,31),33)),32)),29)))),(15,((14,12),13))),(2,24)))),1);
0.0002497502 (((((17,16),9),((2,24),(((((8,(7,6)),5),4),(((10,11),47),(25,(((27,28),(32,(26,((31,30),33)))),29)))),(15,(13,(14,12)))))),(3,((46,45),(((((18,20),21),22),(23,19)),(44,(40,(((((36,35),34),(37,(38,39))),43),(42,41)))))))),1);
0.0002497502 (((3,(((44,(40,((((34,(36,35)),((38,39),37)),43),(41,42)))),(45,46)),(((21,(20,18)),22),(23,19)))),((((((12,14),13),15),((((10,11),47),((((32,(26,((31,30),33))),(27,28)),29),25)),((5,(8,(7,6))),4))),(2,24)),(9,(17,16)))),1);
0.0002497502 ((((46,((((23,19),(((20,18),21),22)),(44,(40,((41,42),(43,((34,(36,35)),(37,(38,39)))))))),45)),3),1),((((15,((14,12),13)),((((10,11),47),(25,(((28,27),(32,(((30,31),33),26))),29))),(((8,(6,7)),5),4))),(2,24)),(9,(16,17))));
0.0002497502 ((((9,(16,17)),(((15,((14,12),13)),((((10,11),47),(25,(((28,27),(((33,(31,30)),26),32)),29))),((5,(8,(6,7))),4))),(2,24))),(((((44,(40,(((34,(36,35)),(37,(38,39))),(43,(41,42))))),((23,19),(22,(21,(20,18))))),45),46),3)),1);
0.0002497502 (1,((3,((45,((44,(40,((43,((37,(39,38)),((36,35),34))),(41,42)))),(((21,(20,18)),22),(23,19)))),46)),(((2,24),(((4,(5,((6,7),8))),(((11,10),47),(25,(29,(((((31,30),33),26),(28,27)),32))))),(((12,14),13),15))),((17,16),9))));
0.0002497502 (((((17,16),9),((2,24),(((((8,(7,6)),5),4),(((10,11),47),(25,(((27,28),((26,((33,31),30)),32)),29)))),(15,(13,(14,12)))))),(3,(46,((45,((22,(21,(18,20))),(19,23))),(44,(40,(((42,41),43),(((36,35),34),(37,(38,39)))))))))),1);
0.0002497502 (((((2,24),(((4,(5,((6,7),8))),(((11,10),47),(25,(29,((((30,(33,31)),26),32),(28,27)))))),(((12,14),13),15))),((17,16),9)),(3,(((44,(((((37,(39,38)),((36,35),34)),(41,42)),43),40)),(45,((((20,18),21),22),(23,19)))),46))),1);
0.0002497502 (1,((3,(46,((45,((((20,18),21),22),(19,23))),(44,(((41,42),40),(43,((37,(39,38)),((36,35),34)))))))),(((17,16),9),((2,24),(((4,(5,((6,7),8))),(((11,10),47),(25,(29,((28,27),(32,((30,(33,31)),26))))))),((13,(12,14)),15))))));
0.0002497502 (((((17,16),9),((2,24),(((4,(5,(8,(7,6)))),(((10,11),47),(25,(((32,(26,(33,(31,30)))),(27,28)),29)))),(15,(13,(12,14)))))),(3,(((45,(19,(23,((21,(18,20)),22)))),(44,(((((36,35),34),(37,(38,39))),(43,(42,41))),40))),46))),1);
0.0002497502 (((3,(((45,(((22,((20,18),21)),23),19)),(44,((((41,42),((34,(36,35)),((38,39),37))),43),40))),46)),((((((12,14),13),15),((((10,11),47),((((32,(26,((30,31),33))),(27,28)),29),25)),(4,((8,(7,6)),5)))),(2,24)),(9,(17,16)))),1);
0.0002497502 (1,(((((15,(13,(12,14))),((((10,11),47),(25,(((28,27),(32,(((30,31),33),26))),29))),(4,(5,(8,(6,7)))))),(2,24)),(9,(16,17))),((46,(((19,(23,(21,(22,(20,18))))),45),(44,(((43,((34,(36,35)),(37,(38,39)))),(41,42)),40)))),3)));
0.0002497502 (1,((((2,24),(((4,(5,((6,7),8))),(((11,10),47),(25,(29,(((28,27),32),(((31,30),33),26)))))),((14,(12,13)),15))),((17,16),9)),(3,(46,((44,(((41,42),(((37,(39,38)),((36,35),34)),43)),40)),(45,((19,23),((21,(20,18)),22))))))));
0.0002497502 ((((((((19,23),(22,(21,(20,18)))),45),(44,(40,((43,((34,(36,35)),(37,(38,39)))),(41,42))))),46),3),1),((9,(16,17)),(((15,((14,12),13)),((((10,11),47),(25,((32,((28,27),((33,(31,30)),26))),29))),(4,((8,(6,7)),5)))),(2,24))));
0.0002497502 ((1,(3,(((44,((43,(((36,35),34),(37,(38,39)))),((42,41),40))),((((21,(18,20)),22),(19,23)),45)),46))),(((((4,(5,(8,(7,6)))),(((10,11),47),(25,(((27,28),((26,((31,30),33)),32)),29)))),(15,((12,14),13))),(2,24)),((17,16),9)));
0.0002497502 ((3,(((45,((23,19),(22,(21,(20,18))))),46),(44,(40,((((34,(36,35)),((38,39),37)),43),(41,42)))))),((((((13,(14,12)),15),((((10,11),47),((((27,28),(32,(26,(33,(31,30))))),29),25)),(4,(5,(8,(7,6)))))),(2,24)),(9,(17,16))),1));
0.0002497502 (1,(((17,16),9),(((2,24),(((4,(5,((6,7),8))),(((11,10),47),(25,(29,((32,((30,(31,33)),26)),(28,27)))))),((13,(12,14)),15))),(3,(((((((21,(20,18)),22),19),23),45),(44,(((((37,(39,38)),((36,35),34)),43),(41,42)),40))),46)))));
0.0002497502 (1,(((((13,(14,12)),15),((((10,11),47),((((32,(26,((30,33),31))),(27,28)),29),25)),(4,(5,(8,(7,6)))))),(2,24)),((3,(46,((44,(((((34,(36,35)),((38,39),37)),43),(41,42)),40)),((19,((22,(21,(20,18))),23)),45)))),(9,(17,16)))));
0.0002497502 ((((((44,(((((34,(36,35)),(37,(38,39))),43),(41,42)),40)),(46,((19,(23,(22,((20,18),21)))),45))),3),(((15,(13,(12,14))),((((10,11),47),(25,(((((33,(31,30)),26),32),(28,27)),29))),((5,(8,(6,7))),4))),(2,24))),(9,(16,17))),1);
0.0002497502 (((9,(16,17)),1),((((15,(13,(12,14))),((((10,11),47),(25,(((28,27),((((30,31),33),26),32)),29))),((5,(8,(6,7))),4))),(2,24)),((((44,(((43,((34,(36,35)),(37,(38,39)))),(41,42)),40)),(45,(19,((((20,18),21),22),23)))),46),3)));
0.0002497502 ((1,(((2,24),(((4,(5,((6,7),8))),(((11,10),47),(25,(29,((28,27),(32,(((30,31),33),26))))))),((13,(12,14)),15))),(3,(((44,(((41,42),(43,((37,(39,38)),((36,35),34)))),40)),((((((20,18),21),22),23),19),45)),46)))),((17,16),9));
0.0002497502 ((((17,16),9),(((2,24),(((4,(((6,7),8),5)),(((11,10),47),(25,(29,((28,27),((((30,31),33),26),32)))))),(((14,12),13),15))),(3,(((45,(19,(23,(22,((20,18),21))))),(44,((((41,42),43),((37,(39,38)),((36,35),34))),40))),46)))),1);
0.0002497502 ((((17,16),9),(((2,24),(((4,(((6,7),8),5)),(((11,10),47),(25,(29,((28,27),(32,((33,(30,31)),26))))))),(((14,12),13),15))),(3,(((44,((((37,(39,38)),((36,35),34)),43),((41,42),40))),((19,(23,(22,((20,18),21)))),45)),46)))),1);
0.0002497502 (1,(((((44,(((((34,(36,35)),(37,(38,39))),43),(41,42)),40)),((19,(23,((20,18),(21,22)))),45)),46),3),((((15,(13,(12,14))),((((10,11),47),(25,(((32,((30,(33,31)),26)),(28,27)),29))),((5,(8,(6,7))),4))),(2,24)),(9,(16,17)))));
0.0002497502 ((((17,16),9),((2,24),(((4,(5,((6,7),8))),(((11,10),47),(25,(29,((28,27),((((33,31),30),26),32)))))),(((14,12),13),15)))),(1,(3,(((45,(19,(23,(22,(21,(20,18)))))),(44,(((41,42),(43,((37,(39,38)),((36,35),34)))),40))),46))));
0.0002497502 ((3,(((45,(19,(23,((21,(20,18)),22)))),(44,(40,((43,((34,(36,35)),((38,39),37))),(41,42))))),46)),(1,(((((13,(14,12)),15),((((10,11),47),((((32,(26,(30,(33,31)))),(27,28)),29),25)),(4,(5,(8,(7,6)))))),(2,24)),(9,(17,16)))));
0.0002497502 (1,((((((13,(14,12)),15),((((10,11),47),((((27,28),(32,(26,((33,31),30)))),29),25)),(4,(5,(8,(7,6)))))),(2,24)),(9,(17,16))),(3,((44,(40,((43,((34,(36,35)),((38,39),37))),(41,42)))),((45,(19,((22,(21,(20,18))),23))),46)))));
0.0002497502 ((((((((14,12),13),15),((((10,11),47),((((27,28),(32,(26,((31,33),30)))),29),25)),(4,(5,(8,(7,6)))))),(2,24)),(3,(46,((((19,23),(22,(21,(20,18)))),45),(44,((43,((34,(36,35)),((38,39),37))),(40,(41,42)))))))),(9,(17,16))),1);
0.0002497502 (((((2,24),(((4,(5,((6,7),8))),(((11,10),47),(25,(29,(((((30,33),31),26),32),(28,27)))))),(((14,12),13),15))),(3,(46,((45,(((21,(20,18)),22),(23,19))),(44,(((41,42),(((37,(39,38)),((36,35),34)),43)),40)))))),1),((17,16),9));
0.0002497502 ((((((15,((14,12),13)),((((10,11),47),(25,((((((33,30),31),26),32),(28,27)),29))),((5,(8,(6,7))),4))),(2,24)),((((((23,19),(22,(21,(20,18)))),45),(44,(40,(((34,(36,35)),(37,(38,39))),(43,(41,42)))))),46),3)),(9,(16,17))),1);
0.0002497502 (1,((((((13,(14,12)),15),((((10,11),47),((((32,(26,((30,33),31))),(27,28)),29),25)),(4,(5,(8,(7,6)))))),(2,24)),(3,(46,((((22,(21,(20,18))),(19,23)),45),(44,(((41,42),40),(43,((34,(36,35)),((38,39),37))))))))),(9,(17,16))));
0.0002497502 (((((46,(((((21,(20,18)),22),(19,23)),45),(44,(40,((43,((34,(36,35)),(37,(38,39)))),(41,42)))))),3),(9,(16,17))),1),(((15,((14,12),13)),((((10,11),47),(25,(((32,((30,(33,31)),26)),(28,27)),29))),(4,((8,(6,7)),5)))),(2,24)));
0.0002497502 (((((13,(14,12)),15),((((10,11),47),((((27,28),(32,(26,(30,(31,33))))),29),25)),(4,((8,(7,6)),5)))),(2,24)),((9,(17,16)),((3,(((45,((23,19),(((20,18),21),22))),(44,(((41,42),(43,((34,(36,35)),((38,39),37)))),40))),46)),1)));
0.0002497502 (((((4,((8,(7,6)),5)),(((10,11),47),(25,(((27,28),((26,(33,(31,30))),32)),29)))),(15,((14,12),13))),(2,24)),(((17,16),9),((3,(((45,((23,(22,(21,(18,20)))),19)),(44,(40,((42,41),(43,(((36,35),34),(37,(38,39)))))))),46)),1)));
0.0002497502 (((17,16),9),(((2,24),(((4,(((6,7),8),5)),(((11,10),47),(25,(29,((28,27),(((33,(31,30)),26),32)))))),((13,(12,14)),15))),(1,(3,(46,((44,(40,((((37,(39,38)),((36,35),34)),43),(41,42)))),(((23,(((20,18),21),22)),19),45)))))));
0.0002497502 ((((((15,(13,(12,14))),((((10,11),47),(25,(((28,27),(((33,(31,30)),26),32)),29))),(5,((8,(6,7)),4)))),(2,24)),((((45,(23,((((20,18),21),22),19))),(44,(40,((41,42),(((34,(36,35)),(37,(38,39))),43))))),46),3)),(9,(16,17))),1);
0.0002497502 ((((((((22,(21,(20,18))),(19,23)),(45,(44,(40,((43,((34,(36,35)),(37,(38,39)))),(41,42)))))),46),3),(9,(16,17))),(((15,(13,(14,12))),((((10,11),47),(25,(((28,27),((((31,33),30),26),32)),29))),(4,(5,(8,(6,7)))))),(2,24))),1);
0.0002497502 (1,(((9,(16,17)),(((15,((12,14),13)),((((10,11),47),(25,((((((31,33),30),26),32),(28,27)),29))),(((8,(6,7)),5),4))),(2,24))),((46,((45,(44,(((((34,(36,35)),(37,(38,39))),43),(41,42)),40))),((19,(((20,18),21),22)),23))),3)));
0.0002497502 (((((46,(((19,(((21,(20,18)),22),23)),45),(44,((((34,(36,35)),(37,(38,39))),43),((41,42),40))))),3),(9,(16,17))),(((15,((14,12),13)),((((10,11),47),(25,((((((30,31),33),26),32),(28,27)),29))),(4,((8,(6,7)),5)))),(2,24))),1);
0.0002497502 (1,((3,(46,((44,(((42,41),(43,(((36,35),34),(37,(38,39))))),40)),((((22,((18,20),21)),19),23),45)))),(((17,16),9),((2,24),(((((8,(7,6)),5),4),(((10,11),47),(25,((((27,28),(26,((33,31),30))),32),29)))),(15,((14,12),13)))))));
0.0002497502 (1,(((((23,19),(((20,18),21),22)),((44,(40,((41,42),(((34,(36,35)),(37,(38,39))),43)))),(45,46))),3),((((15,((14,12),13)),((((10,11),47),(25,(((((30,(33,31)),26),32),(28,27)),29))),(((8,(6,7)),5),4))),(2,24)),(9,(16,17)))));
0.0002497502 (1,(((((15,(13,(12,14))),((((10,11),47),(25,(((28,27),(32,(((33,31),30),26))),29))),((5,(8,(6,7))),4))),(2,24)),(9,(16,17))),(((45,(44,(40,((41,42),(((34,(36,35)),(37,(38,39))),43))))),(46,((19,23),(((20,18),21),22)))),3)));
0.0002497502 ((((9,(17,16)),(((((12,14),13),15),((((10,11),47),((((27,28),(32,(26,(30,(33,31))))),29),25)),(5,((8,(7,6)),4)))),(2,24))),(3,(46,(45,((44,(((41,42),(((34,(36,35)),((38,39),37)),43)),40)),((19,23),(22,(21,(20,18))))))))),1);
0.0002497502 ((1,(3,((45,((44,(((41,42),(((34,(36,35)),((38,39),37)),43)),40)),((19,23),((21,(20,18)),22)))),46))),(((((13,(14,12)),15),((((10,11),47),(((((26,(30,(33,31))),32),(27,28)),29),25)),(4,(5,(8,(7,6)))))),(2,24)),(9,(17,16))));
0.0002497502 ((((((15,((14,12),13)),((((10,11),47),(25,(((28,27),(32,((30,(33,31)),26))),29))),(4,((8,(6,7)),5)))),(2,24)),(9,(16,17))),1),(((((23,19),((21,(20,18)),22)),((44,(40,((43,((34,(36,35)),(37,(38,39)))),(41,42)))),45)),46),3));
0.0002497502 (((3,(((45,(44,(((((34,(36,35)),((38,39),37)),43),(41,42)),40))),((23,19),(((20,18),21),22))),46)),1),((9,(17,16)),((((13,(14,12)),15),((((10,11),47),(((((26,((31,33),30)),32),(27,28)),29),25)),(4,((8,(7,6)),5)))),(2,24))));
0.0002497502 ((((3,(((19,23),(22,((18,20),21))),((45,46),(44,(40,((42,41),(43,(((36,35),34),(37,(38,39)))))))))),((2,24),(((((8,(7,6)),5),4),(((10,11),47),(25,(((32,(26,((30,31),33))),(27,28)),29)))),(15,((12,14),13))))),((17,16),9)),1);
0.0002497502 (1,(((((((5,(8,(7,6))),4),(((10,11),47),(25,((((26,(31,(30,33))),32),(27,28)),29)))),(15,((14,12),13))),(2,24)),((17,16),9)),(3,((((((22,(21,(18,20))),19),23),45),46),(44,(40,((42,41),((((36,35),34),(37,(38,39))),43))))))));
0.0002497502 (((((2,24),(((4,(5,((6,7),8))),(((11,10),47),(25,(29,((28,27),(32,((33,(31,30)),26))))))),(((14,12),13),15))),((17,16),9)),(3,((44,(40,((41,42),(43,((37,(39,38)),((36,35),34)))))),(45,(46,(19,(((21,(20,18)),22),23))))))),1);
0.0002497502 (1,(((3,((44,(((41,42),(((34,(36,35)),((38,39),37)),43)),40)),(46,(((23,19),(((20,18),21),22)),45)))),(9,(17,16))),((((13,(14,12)),15),((((10,11),47),((((32,(26,((33,30),31))),(27,28)),29),25)),((5,(8,(7,6))),4))),(2,24))));
0.0002497502 (((((((4,((8,(7,6)),5)),(((10,11),47),(25,((((26,((31,33),30)),(27,28)),32),29)))),(15,((14,12),13))),(2,24)),((17,16),9)),(3,(((45,((22,(21,(18,20))),(19,23))),(44,(40,((43,(42,41)),(((36,35),34),(37,(38,39))))))),46))),1);
0.0002497502 (((3,(((44,(((43,((34,(36,35)),((38,39),37))),(41,42)),40)),(((23,19),(22,(21,(20,18)))),45)),46)),((((((12,14),13),15),((((10,11),47),(((((27,28),(26,((31,33),30))),32),29),25)),(5,(4,(8,(7,6)))))),(2,24)),(9,(17,16)))),1);
0.0002497502 (((3,(((44,(40,(((((36,35),34),(37,(38,39))),43),(42,41)))),(((23,19),(22,((18,20),21))),45)),46)),1),(((17,16),9),((2,24),((((5,(8,(7,6))),4),(((10,11),47),(25,(((26,((33,31),30)),(32,(27,28))),29)))),(15,((14,12),13))))));
0.0002497502 (((((45,((((20,18),21),22),(19,23))),(44,(40,((41,42),(43,((34,(36,35)),(37,(38,39)))))))),46),3),(((((15,((12,14),13)),((((10,11),47),(25,((((30,(33,31)),26),((28,27),32)),29))),(((8,(6,7)),5),4))),(2,24)),(9,(16,17))),1));
0.0002497502 (((((17,16),9),((2,24),(((((8,(7,6)),5),4),(((10,11),47),(25,(((32,(27,28)),(26,((30,31),33))),29)))),(15,((14,12),13))))),(3,((44,(((43,(((36,35),34),(37,(38,39)))),(42,41)),40)),(((((22,((18,20),21)),23),19),45),46)))),1);
0.0002497502 ((((((((((21,(20,18)),22),23),19),45),46),(44,(40,((43,((34,(36,35)),(37,(38,39)))),(41,42))))),3),((((15,((14,12),13)),((((10,11),47),(25,(((28,27),(((33,(31,30)),26),32)),29))),(5,((8,(6,7)),4)))),(2,24)),(9,(16,17)))),1);
0.0002497502 (3,(((((2,24),(((4,(5,(8,(7,6)))),(((10,11),47),(25,((((26,(30,(31,33))),32),(27,28)),29)))),(15,((14,12),13)))),((17,16),9)),1),(((44,(40,(((((36,35),34),(37,(38,39))),43),(42,41)))),(45,((22,((18,20),21)),(23,19)))),46)));
0.0002497502 (((((17,16),9),((2,24),(((4,(5,((6,7),8))),(((11,10),47),(25,(29,((28,27),(32,((30,(31,33)),26))))))),(((12,14),13),15)))),1),(3,(((((22,((20,18),21)),(19,23)),45),(44,((40,(41,42)),(((37,(39,38)),((36,35),34)),43)))),46)));
0.0002497502 (1,((3,((((23,((22,((18,20),21)),19)),(44,((((((36,35),34),(37,(38,39))),43),(42,41)),40))),45),46)),(((2,24),(((((8,(7,6)),5),4),(((10,11),47),(25,(((27,28),(32,(26,(31,(30,33))))),29)))),(15,((12,14),13)))),((17,16),9))));
0.0002497502 (((1,(3,(46,((((23,19),(22,((20,18),21))),45),(44,(((43,((37,(39,38)),((36,35),34))),(41,42)),40)))))),((2,24),((((5,((6,7),8)),4),(((11,10),47),(25,(29,((32,(((30,33),31),26)),(28,27)))))),((13,(12,14)),15)))),((17,16),9));
0.0002497502 ((((3,(46,((44,(40,((41,42),(((34,(36,35)),((38,39),37)),43)))),(((19,23),(22,(21,(20,18)))),45)))),(9,(17,16))),((((13,(14,12)),15),((((10,11),47),((((27,28),(32,(26,(31,(33,30))))),29),25)),(5,(4,(8,(7,6)))))),(2,24))),1);
0.0002497502 ((1,(((2,24),(((4,(5,(8,(7,6)))),(((10,11),47),(25,(((27,28),((26,((30,31),33)),32)),29)))),(15,((12,14),13)))),((17,16),9))),(3,(46,((45,(44,(40,(((((36,35),34),(37,(38,39))),43),(42,41))))),(19,(((21,(18,20)),22),23))))));
0.0002497502 ((((3,((((44,(((43,(((36,35),34),(37,(38,39)))),(42,41)),40)),45),((23,19),(22,(21,(18,20))))),46)),((((4,((8,(7,6)),5)),(((10,11),47),(25,(((27,28),((26,(33,(30,31))),32)),29)))),(15,((14,12),13))),(2,24))),1),((17,16),9));
0.0002497502 (((((((13,(14,12)),15),((((10,11),47),((((26,(31,(30,33))),(32,(27,28))),29),25)),(4,(5,(8,(7,6)))))),(2,24)),(9,(17,16))),(3,(((((19,(22,(21,(20,18)))),23),45),(44,(40,((41,42),(((34,(36,35)),((38,39),37)),43))))),46))),1);
0.0002497502 (1,(((9,(17,16)),((((13,(14,12)),15),((((10,11),47),(((((26,(31,(33,30))),(27,28)),32),29),25)),(4,(5,(8,(7,6)))))),(2,24))),(3,(46,(((23,((22,(21,(20,18))),19)),45),(44,(((((34,(36,35)),((38,39),37)),43),(41,42)),40)))))));
0.0002497502 (1,(((3,((((44,(40,((((37,(39,38)),((36,35),34)),43),(41,42)))),((22,(21,(20,18))),(23,19))),45),46)),((2,24),(((4,(5,((6,7),8))),(((11,10),47),(25,(29,((32,(28,27)),(((31,30),33),26)))))),(((12,14),13),15)))),((17,16),9)));
0.0002497502 ((((3,(46,(((((20,18),21),22),(23,19)),((44,(40,((43,((37,(39,38)),((36,35),34))),(41,42)))),45)))),((2,24),(((4,(((6,7),8),5)),(((11,10),47),(25,(29,(32,((28,27),((33,(30,31)),26))))))),((13,(14,12)),15)))),((17,16),9)),1);
0.0002497502 ((((17,16),9),((3,(((45,(44,((((37,(39,38)),((36,35),34)),43),(40,(41,42))))),((23,19),(((20,18),21),22))),46)),((2,24),((((((6,7),8),5),4),(((11,10),47),(25,(29,((28,27),(32,((33,(30,31)),26))))))),(((12,14),13),15))))),1);
0.0002497502 (1,(((((15,((14,12),13)),((((10,11),47),(25,(((28,27),((((31,30),33),26),32)),29))),((5,(8,(6,7))),4))),(2,24)),(9,(16,17))),(((((44,((40,(41,42)),(43,((34,(36,35)),(37,(38,39)))))),45),(19,(23,(22,(21,(20,18)))))),46),3)));
0.0002497502 ((((17,16),9),((3,(46,((45,((22,((20,18),21)),(19,23))),(44,(((((37,(39,38)),((36,35),34)),43),(41,42)),40))))),((2,24),((((4,((6,7),8)),5),(((11,10),47),(25,(29,(32,(((33,(31,30)),26),(28,27))))))),(((14,12),13),15))))),1);
0.0002497502 (((((15,((14,12),13)),((((10,11),47),(25,(((28,27),(32,(((30,31),33),26))),29))),(4,((8,(6,7)),5)))),(2,24)),(9,(16,17))),(((((45,((((21,(20,18)),22),23),19)),(44,((43,((34,(36,35)),(37,(38,39)))),(40,(41,42))))),46),3),1));
0.0002497502 (((((17,16),9),((2,24),(((4,(5,((6,7),8))),(((11,10),47),(25,(29,((32,(28,27)),(((31,30),33),26)))))),(((12,14),13),15)))),1),(3,(46,((44,(((41,42),(((37,(39,38)),((36,35),34)),43)),40)),(((23,((21,(20,18)),22)),19),45)))));
0.0002497502 ((1,(9,(16,17))),(((46,((44,(40,((43,((34,(36,35)),(37,(38,39)))),(41,42)))),(45,(((21,(20,18)),22),(19,23))))),3),(((15,((14,12),13)),((((10,11),47),(25,(((28,27),(32,(((30,31),33),26))),29))),((4,(8,(6,7))),5))),(2,24))));
0.0002497502 ((1,((3,(((44,(((41,42),(((37,(39,38)),((36,35),34)),43)),40)),(((19,23),((21,(20,18)),22)),45)),46)),((2,24),(((5,(((6,7),8),4)),(((11,10),47),(25,(29,((28,27),(((33,(30,31)),26),32)))))),((13,(12,14)),15))))),((17,16),9));
0.0002497502 (((3,(((44,(40,(((42,41),(((36,35),34),(37,(38,39)))),43))),((((22,((18,20),21)),23),19),45)),46)),(((2,24),((((5,(8,(7,6))),4),(((10,11),47),(25,((((27,28),(26,((31,30),33))),32),29)))),(15,((14,12),13)))),((17,16),9))),1);
0.0002497502 (1,(((9,(16,17)),(((15,((14,12),13)),((((10,11),47),(25,((((((31,30),33),26),(28,27)),32),29))),(((8,(6,7)),4),5))),(2,24))),((46,((44,(40,((43,((34,(36,35)),(37,(38,39)))),(41,42)))),(45,((23,(22,(21,(20,18)))),19)))),3)));
0.0002497502 ((3,(46,(((44,(((41,42),(43,((34,(36,35)),((38,39),37)))),40)),(((21,(20,18)),22),(23,19))),45))),(((9,(17,16)),1),(((((12,14),13),15),((((10,11),47),(((((26,(33,(31,30))),32),(27,28)),29),25)),(4,(5,(8,(7,6)))))),(2,24))));
0.0002497502 ((((((((12,14),13),15),((((10,11),47),(((((26,(31,(33,30))),(27,28)),32),29),25)),(5,((8,(7,6)),4)))),(2,24)),(9,(17,16))),(3,(46,((((19,23),(22,(21,(20,18)))),45),(44,(((41,42),(((34,(36,35)),((38,39),37)),43)),40)))))),1);
0.0002497502 ((((9,(16,17)),(((15,(13,(12,14))),((((10,11),47),(25,((((((30,33),31),26),32),(28,27)),29))),((5,(8,(6,7))),4))),(2,24))),((46,((45,(44,((40,(41,42)),(43,((34,(36,35)),(37,(38,39))))))),((22,((20,18),21)),(23,19)))),3)),1);
0.0002497502 (((((((19,23),(((20,18),21),22)),46),(45,(44,(((((34,(36,35)),(37,(38,39))),43),(41,42)),40)))),3),((9,(16,17)),(((15,(13,(12,14))),((((10,11),47),(25,(((28,27),((((30,33),31),26),32)),29))),((5,(8,(6,7))),4))),(2,24)))),1);
0.0002497502 (((((2,24),(((4,(5,(8,(7,6)))),(((10,11),47),(25,(((27,28),((26,((33,30),31)),32)),29)))),(15,(13,(12,14))))),((17,16),9)),(3,((45,(((19,23),(((18,20),21),22)),(44,(((((36,35),34),(37,(38,39))),43),((42,41),40))))),46))),1);
0.0002497502 (((3,(((((19,23),((21,(20,18)),22)),(44,((((41,42),43),((34,(36,35)),((38,39),37))),40))),45),46)),((9,(17,16)),((((13,(14,12)),15),((((10,11),47),((((27,28),((26,(31,(33,30))),32)),29),25)),(4,((8,(7,6)),5)))),(2,24)))),1);
0.0002497502 (1,((((2,24),(((((8,(7,6)),5),4),(((10,11),47),(25,(((27,28),((26,((33,30),31)),32)),29)))),(15,(13,(14,12))))),((17,16),9)),(3,((44,(40,(((42,41),43),(((36,35),34),(37,(38,39)))))),((((((18,20),21),22),(23,19)),45),46)))));
0.0002497502 (((((((4,((8,(7,6)),5)),(((10,11),47),(25,(((26,(31,(33,30))),((27,28),32)),29)))),(15,((14,12),13))),(2,24)),((17,16),9)),(3,(46,((44,(40,((43,(42,41)),(((36,35),34),(37,(38,39)))))),(((22,(21,(18,20))),(23,19)),45))))),1);
0.0002497502 (((3,(((((22,(21,(20,18))),(19,23)),45),46),(44,(((43,((34,(36,35)),((38,39),37))),(41,42)),40)))),((((((12,14),13),15),((((10,11),47),((((26,((33,30),31)),((27,28),32)),29),25)),(4,(5,(8,(7,6)))))),(2,24)),(9,(17,16)))),1);
0.0002497502 (((((2,24),(((4,(5,(8,(7,6)))),(((10,11),47),(25,(((26,(31,(30,33))),(32,(27,28))),29)))),(15,(13,(12,14))))),((17,16),9)),(3,(((45,((19,23),(((18,20),21),22))),(44,((40,(42,41)),((((36,35),34),(37,(38,39))),43)))),46))),1);
0.0002497502 ((((46,((((((20,18),21),22),(19,23)),45),(44,((40,(41,42)),(((34,(36,35)),(37,(38,39))),43))))),3),((9,(16,17)),(((15,(13,(12,14))),((((10,11),47),(25,((32,((((33,30),31),26),(28,27))),29))),((5,(8,(6,7))),4))),(2,24)))),1);
0.0002497502 (((1,(((2,24),((((5,((6,7),8)),4),(((11,10),47),(25,(29,((((31,(33,30)),26),32),(28,27)))))),((13,(12,14)),15))),((17,16),9))),(46,((44,(40,((((37,(39,38)),((36,35),34)),43),(41,42)))),(((23,19),(((20,18),21),22)),45)))),3);
0.0002497502 (((((((12,14),13),15),((((10,11),47),(((((27,28),(26,((30,33),31))),32),29),25)),(4,(5,(8,(7,6)))))),(2,24)),(9,(17,16))),(1,(3,(((((23,19),(22,(21,(20,18)))),45),(44,(((43,((34,(36,35)),((38,39),37))),(41,42)),40))),46))));
0.0002497502 ((((((15,((14,12),13)),((((10,11),47),(25,((32,(((33,(30,31)),26),(28,27))),29))),(4,((8,(6,7)),5)))),(2,24)),(9,(16,17))),(((((((21,(20,18)),22),19),23),((44,(40,((43,((34,(36,35)),(37,(38,39)))),(41,42)))),45)),46),3)),1);
0.0002497502 ((((15,(13,(12,14))),((((10,11),47),(25,(((28,27),(((33,(31,30)),26),32)),29))),((5,(8,(6,7))),4))),(2,24)),((1,((((45,(44,(((41,42),(43,((34,(36,35)),(37,(38,39))))),40))),((22,(21,(20,18))),(23,19))),46),3)),(9,(16,17))));
0.0002497502 (1,(((9,(16,17)),((((44,(40,((43,((34,(36,35)),(37,(38,39)))),(41,42)))),((((21,22),(20,18)),(19,23)),45)),46),3)),(((15,(13,(14,12))),((((10,11),47),(25,(((32,(((30,31),33),26)),(28,27)),29))),(5,(4,(8,(6,7)))))),(2,24))));
